,0
0,0.9008692403616729
1,0.9218334439069681
2,2.322630590328449
3,3.4701899284422764
4,4.4349559907485645
5,5.289950142391914
6,5.974004054806095
7,6.510735571836543
8,6.932576038826619
9,7.045873262935355
10,7.006084790849604
11,6.917163187524836
12,6.745773741730461
13,6.639940930607471
14,6.519799393862545
15,6.2790282735115035
16,6.052653482811627
17,5.792554508883358
18,5.585727702775859
19,5.382784383722949
20,5.168529258591081
21,5.030335039761974
22,5.0314709132052435
23,4.931135855342365
24,4.81634466451246
25,4.56736690814586
26,4.354183980396679
27,4.100182338882553
28,3.7770239632961786
29,3.5354473836089264
30,3.447797436370551
31,3.7155141630148254
32,4.0777604912848995
33,4.741091991544597
34,5.436276006657964
35,6.270442484070721
36,6.95258021186722
37,7.445859522880358
38,7.9673332536956085
39,8.414179438505558
40,8.69304390968619
41,8.995261959698668
42,9.11155374819294
43,9.061969282837312
44,8.897395540348304
45,8.783036719758577
46,8.666204547222643
47,8.513948579571656
48,8.216799694708104
49,7.859192994024713
50,7.401773200510265
51,7.045984250745578
52,6.631922391124398
53,6.305783663291226
54,6.011552161010815
55,5.78923326654297
56,5.644041661670683
57,5.5177249654317935
58,5.460751409110424
59,5.330323660803356
60,5.2889912490856625
61,5.177636292015915
62,4.856868881425925
63,4.610072600365849
64,4.597971108787712
65,4.618682375266703
66,4.623417974277795
67,4.7449212345352985
68,4.830746519884009
69,4.819910776495321
70,4.656134584945241
71,4.5393045020648275
72,4.425386938535924
73,4.465002936045343
74,4.385329731892741
75,4.400050370278709
76,4.369950671094937
77,4.322379528765667
78,4.3973969621108555
79,4.649792041341317
80,4.863206668564913
81,4.953451632094839
82,5.026089041504438
83,4.896622423498414
84,4.7221443550862015
85,4.795873520160755
86,4.856190793578818
87,4.836206251676088
88,4.761332705513189
89,4.6046005287774205
90,4.449140931167982
91,4.213799639129867
92,3.956944336264766
93,3.702689504543219
94,3.4916818138468937
95,3.4525349580430413
96,3.410129811135482
97,3.5059452678771716
98,3.6768947444264244
99,3.857734594120797
100,4.033096565444217
101,4.173249446128342
102,4.34157026178493
103,4.517247764261001
104,4.8212690629536965
105,5.138441256788325
106,5.369531219700832
107,5.6607778190651725
108,5.761659643747294
109,5.682333268853717
110,5.532811212212866
111,5.406748327501605
112,5.1700419141360126
113,5.046920303039211
114,4.939804501384993
115,4.941914122589333
116,4.833321778909755
117,4.815784327243082
118,4.885510993741528
119,4.922818697922559
120,4.920209448954941
121,4.844729067991867
122,4.7670832886892995
123,4.7473629654684615
124,4.745263518965773
125,4.641436794248499
126,4.639932103734099
127,4.722174726840361
128,4.867669708607958
129,4.933522052147547
130,4.990160649448931
131,4.946080618551581
132,4.932503010538629
133,4.868908658169078
134,4.991570097208341
135,5.1817722627894
136,5.376979025875379
137,5.621225779932369
138,5.910355384541054
139,6.126221117807729
140,6.212123054630933
141,6.422403693545497
142,6.561047151167585
143,6.6795483872483725
144,6.824066363992362
145,7.013726074377472
146,7.229627249074705
147,7.463447493435796
148,7.710518505115786
149,7.979435145919727
150,8.328317508917166
151,8.658062292713133
152,8.939436021157256
153,9.161492369274779
154,9.33528888211379
155,9.447715247575818
156,9.598092798928217
157,9.721309465087463
158,9.774456761159938
159,9.835127425388364
160,9.95585940126888
161,10.096737089735363
162,10.227517240211142
163,10.346490837645815
164,10.320619974009016
165,10.37264226826515
166,10.394547046446132
167,10.444394055539279
168,10.452828719648373
169,10.520977354546943
170,10.48768523212694
171,10.458721085621537
172,10.319301046703005
173,10.037039697902085
174,9.837863596321142
175,9.626019967976411
176,9.36146171987053
177,9.04538122916156
178,8.738119337114156
179,8.484244068785149
180,8.23095692357959
181,7.898445288376068
182,7.631926959954969
183,7.322136506213007
184,7.02042646995244
185,6.609769451302398
186,6.217996203127065
187,5.8688155789151715
188,5.6801945689240405
189,5.485822132764567
190,5.395805114574767
191,5.260743403131791
192,5.062924991715553
193,4.892448437571308
194,4.763022032039784
195,4.592761629099481
196,4.432202673820572
197,4.291413311469889
198,4.202164016842701
199,4.06031645853007
200,3.954135152347355
201,3.8753657856934067
202,3.849727611124045
203,3.854883078738953
204,3.9107244956888723
205,3.9964609751644207
206,4.120344980933919
207,4.321209061993452
208,4.401763797201874
209,4.546115973909975
210,4.637721296705522
211,4.75409196755128
212,4.824474056660904
213,4.930538795252482
214,5.088529787887645
215,5.181490092849396
216,5.263793588727595
217,5.3390884992832985
218,5.481793021426061
219,5.513759396581533
220,5.47039992544417
221,5.452963552745159
222,5.503561220564395
223,5.468455173748974
224,5.414421928749381
225,5.472138250057542
226,5.644545000224821
227,5.775439925676629
228,5.889318510819702
229,6.111778240589016
230,6.244824570802532
231,6.39997872679346
232,6.507383856490674
233,6.5857981379471555
234,6.774162516591948
235,6.9272623075089665
236,7.082962271467958
237,7.156492482189393
238,7.256404093544374
239,7.419047835763502
240,7.5907425549020555
241,7.654561065152672
242,7.799059241540955
243,8.034584898264608
244,8.286141873440197
245,8.583642626540279
246,8.826726198362985
247,9.11243002470853
248,9.287965172822492
249,9.566330274498918
250,9.800689863305184
251,9.978323332093906
252,10.049882533091113
253,10.091903749697366
254,10.140599092168099
255,10.265728234447156
256,10.381494700527714
257,10.406952284001095
258,10.23728826510368
259,9.856349830532988
260,9.199613997454977
261,8.459639077562287
262,7.689300222895522
263,6.750741965099509
264,6.123492104909685
265,5.772843735929845
266,5.4579987119444535
267,5.220680864723917
268,5.068594549468174
269,5.02959313691323
270,4.917967571144282
271,4.798533274160274
272,4.668610159530297
273,4.5587273278347435
274,4.381609186101596
275,4.394190556954255
276,4.3921861800984345
277,4.513735352063723
278,4.61943471414314
279,4.683884472173904
280,4.769906452138958
281,4.874389409019284
282,5.009686551557888
283,5.1991847881729045
284,5.325472058532196
285,5.435341983744781
286,5.4371012634927105
287,5.567814751876764
288,5.773878213818724
289,5.826412963353755
290,5.800216152182839
291,5.886301368359294
292,5.945452297915484
293,6.001703184847184
294,6.075559952023257
295,6.136721814929109
296,6.197472908742353
297,6.352585520654442
298,6.431719732174779
299,6.587919593235373
300,6.645451982992394
301,6.774357852171784
302,6.911657984896323
303,7.033734570846309
304,7.075485136965286
305,7.110523092501923
306,7.155611850828324
307,7.2239630254444265
308,7.405062613298238
309,7.402017173781168
310,7.298962518226471
311,6.987473822424351
312,6.554672293609684
313,6.19245426375996
314,5.882139195268594
315,5.621515553422753
316,5.422061265101107
317,5.2644997527326955
318,5.13737086636745
319,5.048691851821648
320,4.990182645762104
321,4.900096117693452
322,4.818748362605469
323,4.8402226136885
324,4.865954910015551
325,4.990393751983635
326,5.225401482409805
327,5.438870188202218
328,5.581359654153083
329,5.846723591198767
330,6.01453845382452
331,6.3173848378203274
332,6.654604588125673
333,6.931967079689226
334,7.153033015081748
335,7.336330343654514
336,7.5614326474343
337,7.663158161262816
338,7.857449342593126
339,8.022934795360483
340,8.132009028766383
341,8.18738432622209
342,8.235560835008554
343,8.372861433514869
344,8.367381660846899
345,8.474503035650867
346,8.62216462693799
347,8.862986977610966
348,8.984790522642136
349,9.112876452021963
350,9.240105070090973
351,9.400961620012465
352,9.435645902069746
353,9.363689318824525
354,9.21855560019465
355,9.023587255820885
356,8.87568357601466
357,8.777306039115523
358,8.585042556670759
359,8.390605016582256
360,8.186625570026756
361,8.112886763688982
362,8.001128214619591
363,7.8626727486832095
364,7.661155748059284
365,7.457883046812043
366,7.015640067749891
367,6.5045558609500045
368,6.119895236406281
369,5.62690116750716
370,5.10606173417184
371,4.6538353816440114
372,4.462251513036252
373,4.43966483484749
374,4.62467274082344
375,4.992105658068344
376,5.5706732374272585
377,6.278570287924545
378,6.7451846944435525
379,7.144316335579898
380,7.5437325613832
381,7.804396325772531
382,8.130756610874407
383,8.256871109623024
384,8.299407183841883
385,8.210733556165033
386,8.164343356377813
387,8.165588537119039
388,8.156269439354821
389,8.052489932427761
390,7.930401494171904
391,7.7709788579377435
392,7.522789253292259
393,7.375282871638126
394,7.136678266364204
395,6.796505556782792
396,6.393233172770357
397,5.9802554082276815
398,5.563082189078232
399,5.200141488418209
400,4.773781006635561
401,4.258409945460994
402,3.840156064726638
403,3.5453159747129357
404,3.1813016459171664
405,2.899130642331275
406,2.7232017611252557
407,2.6420270026519237
408,2.5345137760149976
409,2.5151337339807984
410,2.597041831917619
411,2.60163155040978
412,2.6423744044883133
413,2.680785475713095
414,2.6006819624733106
415,2.64199104368854
416,2.6523326551903494
417,2.468812374520735
418,2.5408351550822412
419,2.7355069629297946
420,2.9355983871932194
421,3.245037209144739
422,3.3953972126382013
423,3.55281594675263
424,3.732627968670787
425,3.9797935034021075
426,4.158601072207561
427,4.219251916185889
428,4.275022033322745
429,4.315924714852706
430,4.345339785410697
431,4.367920949823979
432,4.380449556172359
433,4.3893628698234295
434,4.392627060582662
435,4.487339927947357
436,4.504921478528694
437,4.554195624321309
438,4.701384117285299
439,5.093181273012644
440,5.465016666011691
441,5.788653208566092
442,6.087188043401777
443,6.492274778157464
444,6.81018689853432
445,7.162708204478651
446,7.4468472646318125
447,7.6897548315827855
448,7.859406501934325
449,7.978008899820413
450,8.180373442358027
451,8.178153040236896
452,8.237417310445991
453,8.304822245683361
454,8.41729652341844
455,8.54527272609515
456,8.656612022423891
457,8.600751869111052
458,8.629524424576182
459,8.58525095611986
460,8.372172834168135
461,8.207732469171114
462,8.040759817526228
463,7.867422012900301
464,7.74826206801597
465,7.664041790172389
466,7.584392529594738
467,7.500809438089391
468,7.496243947910459
469,7.555947592200529
470,7.5878156228352385
471,7.499403467397519
472,7.312640707136316
473,7.097780351628282
474,6.960118002302905
475,6.781387738317202
476,6.600035142490367
477,6.400359771367997
478,6.122735606453572
479,6.0263512377186395
480,5.965334136106033
481,5.769754111562483
482,5.603399366192674
483,5.505588314201031
484,5.4445687408263925
485,5.390770105463661
486,5.346228760688126
487,5.310492977899246
488,5.28128570770813
489,5.256134957121362
490,5.236461387457519
491,5.221232105397723
492,5.231848376761533
493,5.100670810652919
494,4.857505422407235
495,4.573603243112555
496,4.266180667956306
497,3.9570869415700543
498,3.787714865141914
499,3.6829472597523956
500,3.6641592949295125
501,3.647127300343653
502,3.5367422939061988
503,3.499336210677056
504,3.4167899906344754
505,3.3844301624863027
506,3.379136743183853
507,3.222709626278343
508,3.132306454993002
509,3.188027048519114
510,3.3268763213376378
511,3.477944146715556
512,3.584466006052356
513,3.6771400236753706
514,3.9196573860950754
515,4.248167545592645
516,4.462174545196999
517,4.785420719238039
518,5.050480975547212
519,5.315380782576597
520,5.471504130528401
521,5.715628983532442
522,5.920850390577385
523,6.146325295440251
524,6.438895195921187
525,6.837061864880374
526,7.2159744043777305
527,7.504598252367361
528,7.864925898193873
529,8.233872671175863
530,8.395786417760085
531,8.532915291097488
532,8.739000588047912
533,8.977329203465322
534,9.153801578442273
535,9.338171522626606
536,9.386876171976075
537,9.343109213243386
538,9.282303825217731
539,9.102171369703367
540,8.820559489899802
541,8.563540974770572
542,8.324230148112038
543,8.203395392761735
544,8.116823395689403
545,8.167077308494648
546,8.24778521512225
547,8.442028549181964
548,8.63834751522484
549,8.676554050445947
550,8.726532957151072
551,8.864295980921273
552,8.916969802003273
553,9.176396068890844
554,9.33690034835934
555,9.352137048099458
556,9.434048317804718
557,9.498013245106254
558,9.492559063274827
559,9.565557142390162
560,9.565370360384367
561,9.401238638614455
562,9.25118263552827
563,9.233338545599555
564,9.241527822846548
565,9.178792725453548
566,9.148009474585576
567,9.089448101958059
568,9.073239212957565
569,8.89743942679743
570,8.744493612838113
571,8.427445532408104
572,8.108271601315735
573,8.061713939961884
574,7.979064328208023
575,7.7235589123484765
576,7.375729564560977
577,7.189161554824777
578,6.924111363553392
579,6.865165916239306
580,6.954656975673877
581,6.864613111600489
582,6.824209926501881
583,6.794400505552744
584,7.023957602217925
585,7.057432027565914
586,6.939165918036434
587,6.8584735147773666
588,6.849945001922519
589,6.71832398992712
590,6.590528135718799
591,6.517508755922445
592,6.508277318619344
593,6.397651451567285
594,6.25558264165276
595,6.154452275624408
596,6.315186501664478
597,6.333868298889767
598,6.169028081621478
599,6.0258434556441465
600,5.901792159598895
601,5.79504899346539
602,5.702870719166706
603,5.6236414983116765
604,5.555514258863925
605,5.497419942009782
606,5.32715481062269
607,5.175992759817937
608,4.845859414551369
609,4.568602610029535
610,4.452655893151646
611,4.353275549461643
612,4.320814800991036
613,4.204356041034301
614,4.080709288022841
615,3.959565178924792
616,3.7413538813112908
617,3.5370806791744362
618,3.4219983508788423
619,3.3717171282786245
620,3.445187910538256
621,3.63397117940008
622,3.738307519264919
623,3.8266926425920946
624,3.9550168894733035
625,4.178196345439018
626,4.330741999183739
627,4.463456717941647
628,4.577328200063649
629,4.8121940339813385
630,4.940333378174864
631,4.958586847603929
632,5.094043189742408
633,5.25774256223895
634,5.446980238540412
635,5.8062697197570685
636,6.0353271539371764
637,6.3673517566727655
638,6.74518212279664
639,7.073809994336604
640,7.4281793973111885
641,7.650119017191868
642,7.782276546815305
643,7.964180658487081
644,8.045507535652515
645,8.058296856761183
646,8.125133902892518
647,8.08338050687213
648,8.049726261181489
649,7.822312881395323
650,7.646622048637983
651,7.63430757823194
652,7.589507857580893
653,7.512586835694563
654,7.320888582899555
655,7.025352066790562
656,6.789940782916117
657,6.62600395656634
658,6.661803396026994
659,6.7081114987182815
660,6.887000137735432
661,7.157205310309416
662,7.523028238075628
663,7.843449858365581
664,8.06275826533252
665,8.340959697622425
666,8.57498328480159
667,8.670971688491687
668,8.880143474301795
669,9.136208362345638
670,9.39624345089794
671,9.613370036858573
672,9.688895673520983
673,9.765592499958826
674,9.708640277898965
675,9.625165396171619
676,9.584676741002413
677,9.453403972227376
678,9.247754179387304
679,9.05369620012688
680,8.71034649407414
681,8.256438568282459
682,7.8960239436557345
683,7.658775286478152
684,7.452368954733654
685,7.217255874753377
686,7.069291288815267
687,6.8634775137646145
688,6.653134906281425
689,6.4741611029265265
690,6.476877716362762
691,6.6399065576579925
692,6.838067239020415
693,7.057673275499894
694,7.232728497664608
695,7.32270944804229
696,7.360693582508978
697,7.527746910436308
698,7.7062869816233075
699,7.945723855414723
700,8.259652447840793
701,8.560750308184474
702,8.914443761739088
703,9.184055288157937
704,9.496566650420922
705,9.777286239288
706,10.116793165704559
707,10.458531972340118
708,10.667371937878498
709,10.85861133181022
710,10.943737269850878
711,11.040069105924491
712,11.029085754794899
713,10.991788317790778
714,10.824423829004125
715,10.529464043216716
716,10.135376204276085
717,9.508247036734728
718,8.905164186301453
719,8.123777708036984
720,7.352495444863669
721,6.723059220277964
722,6.127285879646934
723,5.672377239969269
724,5.201600050557372
725,4.8065743209514675
726,4.444678525579382
727,4.214789616337988
728,3.904113122539057
729,3.7729549553016852
730,3.7646822915558276
731,3.6953857626618376
732,3.694366860917149
733,3.759229154824083
734,3.9290018397466984
735,4.148663888212235
736,4.357001593743781
737,4.627248551917863
738,4.93321695618146
739,5.247607906210045
740,5.7098998910084635
741,6.112093917783088
742,6.469477426103595
743,6.735089310249192
744,6.939200446534042
745,7.1508856111546875
746,7.325246795441702
747,7.432505134011052
748,7.472955603289757
749,7.73443622723184
750,8.025813030192658
751,8.268488074621315
752,8.364885680282988
753,8.416909524659594
754,8.610960277492765
755,8.655162508489918
756,8.73197971694796
757,8.771020456560906
758,8.693403431146393
759,8.718377443294193
760,8.794997494285452
761,8.883063012926417
762,9.108505381963326
763,9.236878576953146
764,9.315281731724818
765,9.257396979074649
766,9.248758711455173
767,9.254282670821667
768,9.130547754470019
769,9.068842446725279
770,9.02588078475426
771,8.929290505416844
772,8.756801679287795
773,8.560556731480123
774,8.315854006957663
775,8.067026229741947
776,7.786430396850175
777,7.51994581823652
778,7.331929350166529
779,7.114627368144658
780,7.096248237465661
781,7.109964149159652
782,7.05721183204343
783,7.011053525240397
784,6.932656199771907
785,7.037556336537028
786,7.104997477005166
787,7.095542396425566
788,7.076502832509819
789,6.987115578163403
790,6.968643480606579
791,6.734722176484491
792,6.4909631937161825
793,6.311983597472719
794,6.183009484902479
795,5.956204798646407
796,5.753500925569618
797,5.645635383606958
798,5.551792362099443
799,5.562592772908031
800,5.486693056731683
801,5.408147619514864
802,5.386881818186497
803,5.387962183602373
804,5.3602365146040345
805,5.3578385615419775
806,5.505602740123745
807,5.673905497911943
808,5.814890131160842
809,5.967646082293667
810,6.056188770000532
811,6.167707556123
812,6.292753904698978
813,6.377625275614993
814,6.445532216058
815,6.615250481993155
816,6.856030277188665
817,7.151639189662929
818,7.371532299580786
819,7.533036356068825
820,7.730741359018898
821,8.01092520556289
822,8.217165657224857
823,8.449157064663341
824,8.648431181575042
825,8.686261684879362
826,8.75241135330586
827,8.807671991585645
828,8.757034580627632
829,8.586644754675142
830,8.376595460520143
831,8.081119110391372
832,7.699613022319754
833,7.270228533666094
834,6.913408866816405
835,6.541921960805029
836,6.274443471142039
837,6.068750455901041
838,5.887087157643292
839,5.762549696237544
840,5.469084390828368
841,5.2678513488274685
842,5.254715744826577
843,5.358365970461431
844,5.720027132375197
845,5.950198550030361
846,6.196316708963783
847,6.693322601152403
848,7.064478392587159
849,7.535005378815457
850,8.050659868600587
851,8.414928389853051
852,8.553200449020741
853,8.746257063989681
854,8.840027679006287
855,8.921608114070734
856,9.080945889698453
857,9.18386366789745
858,9.157704741835499
859,9.084973409543323
860,8.935072215788011
861,8.727659078324667
862,8.469863478157121
863,8.1062641811981
864,7.695748632637097
865,7.3172654332368285
866,6.880265670926265
867,6.4787428980526265
868,6.0266051922293045
869,5.667723445741263
870,5.298283847923397
871,5.028385450960851
872,4.825305550830807
873,4.63115188978929
874,4.574878354628721
875,4.445411120206841
876,4.427328731239543
877,4.574175251692254
878,4.794299534248054
879,5.1065990360803735
880,5.502206221143844
881,5.72157996035245
882,5.953839412728353
883,6.022590298857736
884,6.082122464155307
885,6.140122734126291
886,6.19209694769766
887,6.241923570423049
888,6.292157316398193
889,6.339142188172822
890,6.385337599886586
891,6.481292503959657
892,6.549705758614808
893,6.698577580651172
894,6.822253035465877
895,6.845746216964799
896,6.90236976443989
897,7.072636202865863
898,7.22493176748149
899,7.421810414138262
900,7.565137268610666
901,7.8244490624628416
902,7.948899682914649
903,8.034211376832973
904,8.215239269196598
905,8.474675614245958
906,8.709274266932386
907,8.850036777262712
908,9.012638013680398
909,9.208882484514419
910,9.32128361705908
911,9.314535360080715
912,9.308664376509537
913,9.290778635055307
914,9.24120945971403
915,9.18049050186523
916,8.909775226453883
917,8.602430913827398
918,8.168327391200918
919,7.702416122464838
920,7.333327794211012
921,6.9726695450480705
922,6.746122675626308
923,6.6236505581414145
924,6.366995762904753
925,6.294323015693819
926,6.222400955731963
927,6.1839233226615695
928,6.218484069296741
929,6.27421329510919
930,6.189424299449779
931,6.059619598552667
932,6.102058382148968
933,6.038627967929427
934,6.051638742664971
935,6.057706928709053
936,5.962949779094138
937,5.7975141752215675
938,5.56823580798311
939,5.558778883300224
940,5.638371053347239
941,5.754316732713777
942,5.946530645504164
943,6.234620744763106
944,6.525958511684941
945,6.978272909083458
946,7.471688245042009
947,7.989371553256391
948,8.311006324655803
949,8.65005486230569
950,8.67959464667261
951,8.552797086906303
952,8.537534210311232
953,8.48160447762198
954,8.347031574603601
955,8.197519362413027
956,8.169833067034011
957,8.084462322436416
958,7.924181545508
959,7.9044224323951315
960,7.774554600931797
961,7.677647189269871
962,7.596793768913141
963,7.5007342828864525
964,7.343695339966782
965,7.2887315383719375
966,7.022377528831425
967,6.691943421513795
968,6.497100485482112
969,6.327587131134548
970,6.28722797313575
971,6.137743865942548
972,6.16384584047207
973,6.041816556328287
974,5.9984087012037435
975,5.891903338040232
976,5.683963551723961
977,5.488549775171265
978,5.248199583496037
979,5.103897314183374
980,5.068876753502865
981,5.038793634998212
982,4.95870025570302
983,4.8804608982844995
984,4.66134346226666
985,4.606415723535078
986,4.557697837090062
987,4.54985522945884
988,4.469781885273751
989,4.553782451236928
990,4.658836586606993
991,4.858375294860033
992,5.203161069961928
993,5.499084827838736
994,5.742751293603927
995,5.884874175814728
996,6.063039383733727
997,6.06281442086239
998,6.060144099938299
999,6.0214387518758805
1000,5.9459996601305685
1001,5.838280496527009
1002,5.710476015034073
1003,5.55727169837719
1004,5.386592702117232
1005,5.219359461285585
1006,5.204599367327134
1007,5.205844135193972
1008,5.160335111397423
1009,5.135480455120758
1010,5.166718825183862
1011,5.19527565673609
1012,5.333661521226945
1013,5.407930674625611
1014,5.468261748508512
1015,5.614910331553054
1016,5.807626009573671
1017,5.942793921642869
1018,6.108167149561661
1019,6.222258082741169
1020,6.351136597410175
1021,6.428445726000023
1022,6.578588042768828
1023,6.648306981741643
1024,6.709805755974987
1025,6.799952401550668
1026,6.87837998320151
1027,6.9239497664777545
1028,6.987610534175381
1029,7.160432822477967
1030,7.387014509771634
1031,7.639808752457079
1032,7.8694870758984266
1033,8.001567317435192
1034,8.154902716602248
1035,8.29212692940469
1036,8.352903872798107
1037,8.397200228713508
1038,8.316106854510853
1039,8.150639189841382
1040,8.001044206371834
1041,7.758908884274858
1042,7.539724909851307
1043,7.343692527505066
1044,7.269073095891008
1045,7.189528399057357
1046,7.036727085694125
1047,6.819221920171827
1048,6.536460258001249
1049,6.268057901511012
1050,6.070808387644339
1051,5.747708901850384
1052,5.440607079045091
1053,5.068109565575079
1054,4.757153551820025
1055,4.446364671051812
1056,4.3105837966236535
1057,4.316914607295967
1058,4.378769278274655
1059,4.518234713563007
1060,4.75678505338642
1061,5.0380251634597455
1062,5.28222445174905
1063,5.578507890644275
1064,5.853507088795812
1065,6.1080282213636785
1066,6.32927935583384
1067,6.551231265529756
1068,6.6417684484793815
1069,6.774265701442109
1070,6.869990848520063
1071,6.815539539195362
1072,6.7706961093699825
1073,6.611270663692778
1074,6.2736369527681894
1075,6.069505263078205
1076,5.763065447566182
1077,5.4309751844809
1078,5.166865534667873
1079,4.8824602925818885
1080,4.530024963125298
1081,4.238416753599917
1082,4.018834650456272
1083,3.8277982207213
1084,3.5897805844899207
1085,3.5228377437085276
1086,3.3954677739757217
1087,3.389269911710347
1088,3.476732576965757
1089,3.614258232449652
1090,3.7684862365387666
1091,3.913763900997023
1092,4.140814860560903
1093,4.382467811814223
1094,4.742488412850703
1095,5.097133987568754
1096,5.507791296932732
1097,5.850824923012645
1098,6.259401155895981
1099,6.684545516307734
1100,7.065702204829183
1101,7.361935538075624
1102,7.674709939462394
1103,7.958275733097902
1104,8.217969568434945
1105,8.44241757640618
1106,8.658366915776282
1107,8.903773938768431
1108,9.100673897714888
1109,9.264631194146267
1110,9.497872362862099
1111,9.769712752440936
1112,10.008365784211282
1113,10.203600018620183
1114,10.364948319467379
1115,10.498856016727323
1116,10.607837734022809
1117,10.691651766731454
1118,10.75710659340521
1119,10.866629246487367
1120,10.994213655576687
1121,11.167990706318964
1122,11.267077836609413
1123,11.331760995884967
1124,11.409133583073928
1125,11.37495830442222
1126,11.309028327741618
1127,11.291621549646013
1128,11.091402874288013
1129,10.915100139668674
1130,10.711164276540025
1131,10.465773740989281
1132,10.204813193278945
1133,10.040190671193542
1134,9.958332823749636
1135,9.893289936858967
1136,9.936001465205255
1137,9.938178943105786
1138,9.881591766535504
1139,9.89626064686441
1140,9.909022572750558
1141,9.939838221831064
1142,9.893044243078986
1143,9.787706383112472
1144,9.740298444518197
1145,9.707909189187976
1146,9.539734532887984
1147,9.342257466387542
1148,9.075837852893962
1149,8.751102569132653
1150,8.43945153718565
1151,8.11164351208289
1152,7.745808259242249
1153,7.355819693540053
1154,6.87980554703789
1155,6.45111871946119
1156,6.1279911611186515
1157,5.80239558797925
1158,5.504843455985906
1159,5.254896570675062
1160,5.048425266696098
1161,4.753163337475674
1162,4.496923827856038
1163,4.1530619097008685
1164,3.8965364588832916
1165,3.5848335612439652
1166,3.4253366316836393
1167,3.1833308222358676
1168,3.001491270625828
1169,2.8451634918820936
1170,2.7216239678659218
1171,2.6281809069857793
1172,2.561318252987321
1173,2.5128974494544236
1174,2.4845658062600036
1175,2.475718703720821
1176,2.4509616313522264
1177,2.387511777834736
1178,2.3287214810590378
1179,2.331833124889741
1180,2.2939851806743023
1181,2.306853128947113
1182,2.2457881995555344
1183,2.3094210905537667
1184,2.446221634633655
1185,2.654209493609984
1186,2.918093750335924
1187,3.1799295645888535
1188,3.4837966917903866
1189,3.7138569861189854
1190,3.9007601607384186
1191,4.00093290979239
1192,4.051358658451815
1193,4.110578813203733
1194,4.16064606496522
1195,4.168766507349014
1196,4.308106588727741
1197,4.429332459527234
1198,4.608782467037205
1199,4.744945610313906
1200,4.977660219368232
1201,5.136306717747646
1202,5.412451819322418
1203,5.65668794511174
1204,5.889809102451986
1205,6.052058883688451
1206,6.081487896484219
1207,6.099670852530615
1208,5.942570388468205
1209,5.810487138910226
1210,5.646290785535021
1211,5.5003859199301495
1212,5.381745483933514
1213,5.318516122090048
1214,5.209128337721912
1215,5.111923911201469
1216,4.88200776690919
1217,4.696450106896912
1218,4.666722024744854
1219,4.612955296909359
1220,4.5929300180192865
1221,4.541320679890752
1222,4.506055925830156
1223,4.352512081298428
1224,4.228626994525407
1225,4.16131222261477
1226,4.124127183447324
1227,4.127659068499265
1228,4.315634753069933
1229,4.540291207773602
1230,4.9322506362934435
1231,5.408519311299111
1232,5.857831036040835
1233,6.227624439598207
1234,6.632637863507512
1235,6.889544626479012
1236,7.080948079718904
1237,7.239371101966563
1238,7.426798789705164
1239,7.655707257886196
1240,7.8137771183013776
1241,7.90695387673356
1242,8.05284707605922
1243,8.14110459731539
1244,8.25344287570952
1245,8.201024529507972
1246,8.117774707909938
1247,8.142443658618225
1248,8.139883421634131
1249,8.098372024331145
1250,8.04125385049499
1251,8.028869787550624
1252,8.048334563482863
1253,8.021611771197536
1254,7.998362941909304
1255,7.8356064329670065
1256,7.683365104980525
1257,7.6246392849590805
1258,7.6404954930072435
1259,7.640215800671509
1260,7.619608611724814
1261,7.567449114180234
1262,7.577101529057439
1263,7.635159020181281
1264,7.701210404827585
1265,7.700947469226211
1266,7.5828096315131415
1267,7.534255534213745
1268,7.397029173449029
1269,7.2350248610416985
1270,7.023333820917651
1271,6.769962701562362
1272,6.423214179975925
1273,6.1425181537846125
1274,5.864841023867774
1275,5.490743689934536
1276,5.220428004839578
1277,4.937513527426036
1278,4.653332848419658
1279,4.389912672914343
1280,4.097288486853383
1281,3.8468273434530946
1282,3.542604897005944
1283,3.248598861848744
1284,3.174501565663439
1285,3.219835281448818
1286,3.391356480875098
1287,3.6785156852167655
1288,3.9957032914338653
1289,4.446618643676034
1290,4.7453112796496395
1291,5.0342053024240725
1292,5.410792863354056
1293,5.714402262550069
1294,6.115520366696879
1295,6.5063943648884
1296,6.718593277163823
1297,6.910664950640122
1298,7.214692144784998
1299,7.38094011523291
1300,7.618510644271978
1301,7.671589176931231
1302,7.734758789359102
1303,7.727354377018749
1304,7.759754523570838
1305,7.68776020124537
1306,7.691228823491167
1307,7.695341394845172
1308,7.640726156594864
1309,7.6825441878627565
1310,7.607486339384299
1311,7.542186011208042
1312,7.507929508571639
1313,7.501334111825146
1314,7.450110416369496
1315,7.421972031148664
1316,7.428904097881898
1317,7.372531749104732
1318,7.1804189781229715
1319,7.043475581968508
1320,6.859138277538886
1321,6.739003335479063
1322,6.540331487391958
1323,6.368164198344109
1324,6.0682216850101796
1325,5.808265296005384
1326,5.557990264585436
1327,5.276806874510068
1328,5.132783707494353
1329,5.02339897001871
1330,4.789057651768798
1331,4.531098925588748
1332,4.35438909047868
1333,4.17086312543593
1334,4.014109484190573
1335,3.910046827422735
1336,3.769565221240222
1337,3.760428994397114
1338,3.6577234450702907
1339,3.6106682535403847
1340,3.569752605786933
1341,3.5345489827614416
1342,3.5046440125066183
1343,3.4790484759942157
1344,3.4573973991900067
1345,3.4389331750672523
1346,3.4233822115980574
1347,3.34083486354976
1348,3.315377163916127
1349,3.395290401728494
1350,3.4420423904558186
1351,3.543897135412577
1352,3.7075427420996863
1353,3.8881999982718836
1354,4.203102190310791
1355,4.618845888524232
1356,5.012252371296013
1357,5.3958349914182175
1358,5.667837630267962
1359,5.898894125788074
1360,6.238565192924133
1361,6.6388963010912025
1362,6.973836767498994
1363,7.388285741809799
1364,7.697891360085685
1365,7.853912339583729
1366,8.072776909234348
1367,8.307500523216
1368,8.511710067380038
1369,8.592043722394328
1370,8.621511456986793
1371,8.720778966740179
1372,8.881175227341181
1373,9.047219257444446
1374,9.182410786137734
1375,9.279918291076928
1376,9.399520603963778
1377,9.539889355173745
1378,9.602338493159337
1379,9.592160495802464
1380,9.512542004925374
1381,9.48923447878205
1382,9.581820767274614
1383,9.785929853513537
1384,10.126392147182134
1385,10.426949017180078
1386,10.700220564183002
1387,10.98016342141764
1388,11.184710858819557
1389,11.309761182511696
1390,11.5012464388161
1391,11.585484324945359
1392,11.532435684596434
1393,11.489305293849572
1394,11.498434876353869
1395,11.382379179181747
1396,11.214852956027944
1397,11.069477867343512
1398,10.96586174517886
1399,10.89389514767036
1400,10.862456743820871
1401,10.849782785525372
1402,10.866093148592942
1403,10.898131594980784
1404,10.91847945355842
1405,10.930419618354115
1406,10.758187438232309
1407,10.373745693561197
1408,9.994555061848594
1409,9.547365343935207
1410,9.212376531701992
1411,8.832675526581303
1412,8.572877626782473
1413,8.324147051577418
1414,8.151680015918316
1415,8.069707982747412
1416,8.027808805261987
1417,8.02184491395733
1418,8.005034460301832
1419,7.932651299947436
1420,7.75928074346081
1421,7.72481139659232
1422,7.77216062409744
1423,7.837256181285561
1424,7.844949744198665
1425,7.851643143933066
1426,7.751403812901782
1427,7.5776214678486955
1428,7.442827250961621
1429,7.214620951366685
1430,7.062064757018061
1431,6.792509670371912
1432,6.5262332283997715
1433,6.131706147602182
1434,5.783649912522206
1435,5.396212015066519
1436,4.939544806343372
1437,4.446183423860657
1438,4.189344338529257
1439,3.933346700750443
1440,3.759493126982077
1441,3.6080761779110304
1442,3.450929124670748
1443,3.3356926300549965
1444,3.329540084164097
1445,3.3099396157181493
1446,3.186154171009939
1447,3.09712297483837
1448,3.0197670429762544
1449,3.18810517678887
1450,3.371421279241409
1451,3.563558536851179
1452,3.6838503126408106
1453,3.797181126945797
1454,3.96098490768708
1455,4.252319814065882
1456,4.496721063687023
1457,4.96971246477001
1458,5.451787743704385
1459,5.91457856519132
1460,6.50473699253615
1461,6.919862753253644
1462,7.148918423920045
1463,7.322551579635345
1464,7.515371724622604
1465,7.731284165151941
1466,7.8463675592583915
1467,7.910049039972479
1468,8.0239314984796
1469,8.077582690665864
1470,8.140053409316927
1471,8.26705991518995
1472,8.407898627309695
1473,8.523666804106929
1474,8.658534546773028
1475,8.730595915609362
1476,8.655535769878025
1477,8.561376875223392
1478,8.455958484991594
1479,8.272628490758873
1480,8.148271222330742
1481,8.04276295073232
1482,7.950970754441691
1483,7.7513909637523195
1484,7.532180131865038
1485,7.231740350735684
1486,6.9968320998082305
1487,6.791648290809446
1488,6.73025784857089
1489,6.526429157077009
1490,6.2808925422756605
1491,6.150963706080953
1492,5.933103201582314
1493,5.800709188647529
1494,5.567251981411947
1495,5.373777928810293
1496,5.321423372657552
1497,5.200201341923748
1498,5.019122417227736
1499,4.947382599200546
1500,4.82533448652579
1501,4.835202462119233
1502,4.847282866249125
1503,4.871423343319988
1504,5.006238247793068
1505,5.071227818608951
1506,5.223685347214085
1507,5.32399738086878
1508,5.484808752177152
1509,5.507637893414951
1510,5.5625875715204565
1511,5.5785582636301925
1512,5.534236559571827
1513,5.439916407043171
1514,5.264082576518845
1515,4.9729548800293495
1516,4.627334704203335
1517,4.269795987559759
1518,4.030665259499711
1519,3.9536619217737234
1520,3.8236611056197427
1521,3.723268773045676
1522,3.687202598764334
1523,3.807688882277838
1524,4.077043913991495
1525,4.275735937717057
1526,4.400511117192496
1527,4.652461960757024
1528,4.824819562302152
1529,5.089417262924753
1530,5.325883921989379
1531,5.46841683838201
1532,5.566108389710498
1533,5.602512258931606
1534,5.687708815173716
1535,5.688331312821139
1536,5.656752037198391
1537,5.604462438964704
1538,5.573827210749183
1539,5.547174562201681
1540,5.489641427449289
1541,5.423149588918759
1542,5.277887099353052
1543,5.196348202185478
1544,5.020161484443683
1545,4.889104367426295
1546,4.93016474713112
1547,5.037306930507073
1548,5.013346287787273
1549,5.050311076972131
1550,5.009323293909834
1551,4.983966121609795
1552,4.868211784212684
1553,4.854575933439904
1554,4.979999781711134
1555,5.051748241258741
1556,5.015556872366108
1557,5.049701345071016
1558,5.064192241398417
1559,5.012966192185831
1560,4.828302875996608
1561,4.661894664971738
1562,4.46384155953947
1563,4.1269303132983906
1564,3.840769289412115
1565,3.4822787197253113
1566,3.1046186589595193
1567,2.873097660579535
1568,2.6715063822545524
1569,2.5322506243628293
1570,2.4445453087089835
1571,2.4459414531003643
1572,2.481097203978293
1573,2.566051998761652
1574,2.6768844616124077
1575,2.6344599024337514
1576,2.6785621302273244
1577,2.6932362087477113
1578,2.7845957287770515
1579,2.882867302072899
1580,3.268005103027381
1581,3.648205472131306
1582,4.175626278883932
1583,4.759575276147534
1584,5.279081616628826
1585,5.8527721360573315
1586,6.318411694010095
1587,6.726178240150681
1588,7.144459493957074
1589,7.567322348842751
1590,8.070563567679653
1591,8.527632373522177
1592,8.832067837181397
1593,9.138589223420432
1594,9.454247313004615
1595,9.83737251997529
1596,10.170691450039778
1597,10.385063835406275
1598,10.589653264641559
1599,10.595851376395084
1600,10.654059476875387
1601,10.654872258742593
1602,10.578577712802772
1603,10.364666115543336
1604,10.203397622542887
1605,10.036606853582285
1606,9.85812269993335
1607,9.839769099421076
1608,9.849135976204868
1609,9.873806154364392
1610,9.875027372464643
1611,9.827461216940337
1612,9.651773008162579
1613,9.3899478065199
1614,9.188691894684045
1615,8.883050651166485
1616,8.634727770855779
1617,8.350149945322183
1618,8.016048663598879
1619,7.5225526249541375
1620,7.106438178206426
1621,6.601791742632976
1622,6.020853340172499
1623,5.340484543893061
1624,4.722897340187571
1625,4.114038811446653
1626,3.8645517048602755
1627,3.8743367542085534
1628,4.070224737030383
1629,4.444580819254311
1630,5.065336365512091
1631,5.713578483237953
1632,6.234548235045702
1633,6.617247678029872
1634,6.894930637832283
1635,7.126609385328092
1636,7.314245983756027
1637,7.372728261434342
1638,7.366300678720022
1639,7.344028673981021
1640,7.380167270297718
1641,7.466612584161547
1642,7.645024899539514
1643,7.846083386193168
1644,8.076506292270786
1645,8.175829020269381
1646,8.274969129563265
1647,8.308165137832578
1648,8.353162412872363
1649,8.445179469212391
1650,8.560978547073313
1651,8.595487925278748
1652,8.702993097925962
1653,8.796522598129037
1654,8.788627662253095
1655,8.72011323968913
1656,8.616512981123723
1657,8.508694268428417
1658,8.331243138494756
1659,8.232580889280406
1660,8.133615945660909
1661,8.103121774411871
1662,8.10788219709394
1663,8.219749871417713
1664,8.271970502982281
1665,8.345494775104477
1666,8.284692309824637
1667,8.20943836888699
1668,8.09718472989332
1669,8.011674604387405
1670,8.005558325460628
1671,8.025682170200723
1672,8.06839900834338
1673,8.103238975900833
1674,8.066408416714092
1675,8.034511083699677
1676,7.9881402896436455
1677,7.868239855286394
1678,7.745331129434505
1679,7.558654614587949
1680,7.379371668988314
1681,7.292681614300934
1682,7.214709984937622
1683,7.139315953039969
1684,7.071728947651941
1685,7.004500843725728
1686,6.936840670964009
1687,6.875101433246526
1688,6.810205207072218
1689,6.615484158302983
1690,6.336368121515896
1691,6.103997127690013
1692,6.007818892897596
1693,6.138813590816996
1694,6.286023139848451
1695,6.470617646941619
1696,6.7080107059371485
1697,6.989772697083232
1698,7.354024685117492
1699,7.684466108256589
1700,7.854327797650946
1701,8.054375281075444
1702,8.32804820489254
1703,8.550588391919902
1704,8.652562690446716
1705,8.65948835665538
1706,8.737869788880873
1707,8.770231386009023
1708,8.828063981214186
1709,8.702464824259478
1710,8.593193557708883
1711,8.435058850642976
1712,8.237995796985388
1713,8.172120043397177
1714,8.143862389624301
1715,8.064648647199597
1716,7.901073164959586
1717,7.726217448430028
1718,7.640749832242529
1719,7.53849265596864
1720,7.5118638214697615
1721,7.3569971768462255
1722,7.198082973738316
1723,7.033059920002668
1724,6.688742141711838
1725,6.277339999954256
1726,5.995084450422654
1727,5.883457552148716
1728,5.76347351227707
1729,5.621557482171093
1730,5.574554251669983
1731,5.359550511717263
1732,5.085695317031409
1733,4.847399898491906
1734,4.503524796330359
1735,4.128725914090381
1736,3.73357317210883
1737,3.432167590800114
1738,3.2825791413125165
1739,3.1264928252647066
1740,3.057898312564326
1741,3.085374264689857
1742,3.1441226028353575
1743,3.252088362338644
1744,3.422003940517337
1745,3.620569545368
1746,3.7381334207475714
1747,3.9569773215762516
1748,4.102697876249304
1749,4.088422318963357
1750,3.9736718000234412
1751,3.8869364881111537
1752,3.8219723169135507
1753,3.7553146062028055
1754,3.9084709964532607
1755,4.074295227245053
1756,4.217489890353546
1757,4.338127381944672
1758,4.494288461248845
1759,4.716773964791562
1760,4.916794614282494
1761,4.977384734966323
1762,5.113860615351897
1763,5.260611110047213
1764,5.399123203545077
1765,5.56728184565953
1766,5.592626583331896
1767,5.614676505106855
1768,5.751672967745247
1769,5.799674425965366
1770,5.673829434387875
1771,5.489901292438202
1772,5.3259846257351935
1773,5.132193979584355
1774,4.99183463464982
1775,4.823600696441844
1776,4.737525725011656
1777,4.70416760358483
1778,4.653735323496563
1779,4.85710972577301
1780,5.091049570825611
1781,5.387365815887216
1782,5.683125360792525
1783,6.033819689896431
1784,6.198161455110397
1785,6.417506698463791
1786,6.519921505904064
1787,6.589268781903638
1788,6.663033621809383
1789,6.507792198188707
1790,6.232544899400325
1791,5.74317093936458
1792,5.375185770923676
1793,4.987317852492423
1794,4.555748328212493
1795,4.181730472518488
1796,3.84393595736753
1797,3.6529064803833053
1798,3.5201781603890283
1799,3.518226680736681
1800,3.5715196002541063
1801,3.7209104418856125
1802,3.924532661560187
1803,4.074084555192536
1804,4.245036587113306
1805,4.373824778138067
1806,4.521196133573984
1807,4.6306924249564805
1808,4.674260909469833
1809,4.703138912802917
1810,4.8054092847828995
1811,4.8420793126616815
1812,4.875823584101015
1813,4.857244398042802
1814,4.894510045510889
1815,4.870278692652155
1816,4.872082726024624
1817,4.924797195221472
1818,5.0077327988118405
1819,5.113892409563249
1820,5.133593744160401
1821,5.14734023996866
1822,5.226346273407904
1823,5.193862641166936
1824,5.165601881117295
1825,5.131439385030516
1826,5.156102388446021
1827,5.194837199208274
1828,5.317112602557198
1829,5.43786887994642
1830,5.571373970814518
1831,5.630139987481339
1832,5.702260919550803
1833,5.697421467805155
1834,5.777920763594371
1835,5.788687595896993
1836,5.809320141932401
1837,5.891746542659871
1838,5.9695675245829705
1839,5.964855646032883
1840,6.016303812578955
1841,6.061842309781695
1842,6.115872321370979
1843,6.217058268330048
1844,6.236341786019656
1845,6.248930684158244
1846,6.249935457561861
1847,6.200397762836598
1848,6.1707860829692525
1849,6.114310256677086
1850,6.060578070688541
1851,5.836260620225172
1852,5.577202821206569
1853,5.339650905813552
1854,5.241713704752229
1855,5.410433721770191
1856,5.622414665456306
1857,6.0010577101342495
1858,6.41270082907094
1859,6.972174174751956
1860,7.445869260909718
1861,7.876830546150401
1862,8.410733686152684
1863,8.856176827364216
1864,9.168437811946596
1865,9.497244233883197
1866,9.73354340275028
1867,9.957406619629328
1868,10.010131960446202
1869,10.01595983823671
1870,9.961982602814043
1871,10.008100683049822
1872,9.956354234484152
1873,9.929924303356865
1874,9.968110172576342
1875,9.899809008040727
1876,9.775749286975701
1877,9.374397264159683
1878,9.060733436528352
1879,8.691954691497997
1880,8.409533361328197
1881,8.163826804080468
1882,7.967437491591751
1883,7.790246143544602
1884,7.576849869915025
1885,7.384387581444242
1886,7.293606046661621
1887,7.161097061142526
1888,7.012780883837366
1889,7.028538857685671
1890,7.120139709664466
1891,7.115579016097504
1892,7.112955138106763
1893,7.220907931453787
1894,7.233832193882893
1895,7.360577728226687
1896,7.572737561197462
1897,7.657379986277254
1898,7.765848002550195
1899,7.918058958333663
1900,8.112919437170923
1901,8.402602914610577
1902,8.715672779788221
1903,8.969515647153262
1904,9.314767900303949
1905,9.627671897707538
1906,9.935582987180812
1907,10.059512375110668
1908,10.128935487191391
1909,10.065727356787686
1910,10.000707460871741
1911,9.908417127021776
1912,9.80519821063757
1913,9.698721359474785
1914,9.555307475075596
1915,9.403274467611874
1916,9.23711926893921
1917,9.129225408157147
1918,9.151831215159213
1919,9.358524775819706
1920,9.473118233581392
1921,9.610477751239898
1922,9.831306447437164
1923,10.042275761595011
1924,10.045315644746294
1925,9.906894661130828
1926,9.766186479705247
1927,9.662911236402707
1928,9.553217024656963
1929,9.453832306318468
1930,9.119874408398667
1931,8.757029696178774
1932,8.259605740750732
1933,7.857843869941412
1934,7.430778206008931
1935,7.010030065230429
1936,6.584830575517149
1937,6.231971376360573
1938,5.9249838730943525
1939,5.755356013967374
1940,5.611984472916834
1941,5.6218728962457165
1942,5.6280751587981666
1943,5.6078702977892
1944,5.495962541193425
1945,5.401884682813916
1946,5.32062008752542
1947,5.341633353212952
1948,5.552566632020053
1949,5.597554759838786
1950,5.700852832779657
1951,5.837282903466659
1952,5.880155039566326
1953,6.002704871562427
1954,6.190384975415624
1955,6.374647564933783
1956,6.511484572240313
1957,6.6508219461313995
1958,6.620311558235056
1959,6.733250227193295
1960,6.979941967850735
1961,7.187236883931655
1962,7.377105016509744
1963,7.541802876822157
1964,7.50091839748991
1965,7.481165522354926
1966,7.236003455376219
1967,6.960427654637513
1968,6.822037361026142
1969,6.954804463879183
1970,7.198185514660714
1971,7.520059293431684
1972,7.9411015970301
1973,8.405921494369725
1974,8.787954299447218
1975,8.961345470807242
1976,9.05045992865914
1977,8.991654796317748
1978,8.964750903657716
1979,8.912550934495098
1980,8.771915389434625
1981,8.495157704896336
1982,8.282814405464212
1983,8.243348227621913
1984,8.1690461005314
1985,8.023317957396227
1986,7.876891856914755
1987,7.861868065731212
1988,7.7669682101526
1989,7.778555040652195
1990,7.943549126570055
1991,8.124156463813364
1992,8.301184664363808
1993,8.544576649474848
1994,8.640908637538779
1995,8.724717467154399
1996,8.836521480287521
1997,8.8684544791342
1998,8.926925519542898
1999,8.927900530000375
2000,8.857574886738533
2001,8.891623156952381
2002,8.989181681337794
2003,9.051497078779693
2004,9.21203779714681
2005,9.376746429641045
2006,9.351832721653986
2007,9.171164859090695
2008,9.044279354522404
2009,8.849483564572047
2010,8.545057676975201
2011,8.10022743268979
2012,7.553143057450664
2013,7.048804709858826
2014,6.6800725116364585
2015,6.465792703266384
2016,6.141581618357014
2017,5.821725394831947
2018,5.47533125768334
2019,5.298110033711143
2020,5.323691763799878
2021,5.305406446169298
2022,5.369524695874169
2023,5.5065487576562955
2024,5.632063966490928
2025,5.706032336564533
2026,5.757117509281882
2027,5.790324917233029
2028,5.795576696002638
2029,5.783422092381037
2030,5.742654780521079
2031,5.787981745467491
2032,5.7815868497047855
2033,5.849437269192599
2034,5.856697956812186
2035,5.729055884680775
2036,5.732163797769765
2037,5.75982825918173
2038,5.78582517384193
2039,5.966553211500429
2040,6.024425272285242
2041,6.030382279476206
2042,5.849384108655945
2043,5.459959743856632
2044,5.187841511776542
2045,5.052331508347486
2046,4.859333633273618
2047,4.680870786834683
2048,4.355669554784832
2049,4.076659170422875
2050,3.8608097163281574
2051,3.6952945039068665
2052,3.551296269100343
2053,3.5387010433205166
2054,3.5981104990934405
2055,3.6356575914569866
2056,3.7227755223655086
2057,3.794604410300713
2058,3.9133172981805564
2059,3.9996616026276666
2060,3.954952668990038
2061,3.9245660547873675
2062,3.9179091398027346
2063,3.834704667140496
2064,3.699856611683745
2065,3.690120255922975
2066,3.8417164042352905
2067,4.129838418765791
2068,4.387570135798731
2069,4.728420135624386
2070,5.1190831451809
2071,5.291336497303275
2072,5.5398314212313515
2073,5.735794211974444
2074,6.146734138945242
2075,6.594086101416584
2076,7.10982437574167
2077,7.57182183359774
2078,7.9793104580657985
2079,8.361071321940535
2080,8.640544269397601
2081,8.959268132706391
2082,8.996378455973874
2083,8.904392961279923
2084,8.616785229893862
2085,8.217144438109449
2086,7.809863818604594
2087,7.287862212639087
2088,6.965314583552923
2089,6.790544488662939
2090,6.660544511518298
2091,6.763729597053179
2092,6.8972059638454954
2093,7.210092728718999
2094,7.557327252273325
2095,7.791534132694553
2096,8.156017305413418
2097,8.517990746467456
2098,8.753002139748517
2099,8.934211274837773
2100,9.016970763224945
2101,9.008570515522944
2102,9.00933100018652
2103,8.874545023207192
2104,8.813480741901294
2105,8.741775949271982
2106,8.759687682907186
2107,8.81697809007407
2108,8.798933652955501
2109,8.783234992662345
2110,8.809782027996885
2111,8.754409525858737
2112,8.601023455241581
2113,8.643440560137805
2114,8.673323421045435
2115,8.804045331284193
2116,8.864045692762147
2117,8.951720710411571
2118,9.131020100496334
2119,9.223471995197468
2120,9.475757310787623
2121,9.595102045741232
2122,9.5673829223115
2123,9.535618357043083
2124,9.551295729595587
2125,9.449585307782995
2126,9.366498062719588
2127,9.27688922326402
2128,9.13319439461417
2129,8.945220296082862
2130,8.852295246097874
2131,8.783105789865267
2132,8.624858017178955
2133,8.464835759722547
2134,8.350081744032915
2135,8.268875464421313
2136,8.189277853187619
2137,7.9655454246506885
2138,7.753550257485604
2139,7.612728852511411
2140,7.492121874166327
2141,7.425701969837986
2142,7.367867859056231
2143,7.341108107671812
2144,7.342192823806543
2145,7.349441352789274
2146,7.413987832373483
2147,7.4267814307644855
2148,7.469208601319588
2149,7.4814924172831585
2150,7.46887838160292
2151,7.529952048207553
2152,7.529985815748493
2153,7.350501794246001
2154,7.187472458136275
2155,7.016972519493811
2156,6.978700662565723
2157,7.140900235567484
2158,7.222203382394006
2159,7.369068467934016
2160,7.482008912070257
2161,7.5173416145953285
2162,7.332871712711197
2163,6.98946526996251
2164,6.899127581251663
2165,6.775071425701281
2166,6.667142570372448
2167,6.665167916401328
2168,6.718326520572646
2169,6.745099553219646
2170,6.8482218265578645
2171,6.858892981611993
2172,6.854730935292718
2173,6.895587847959325
2174,6.832783919400988
2175,6.621602278344229
2176,6.448235639940021
2177,6.131209887367111
2178,5.7070575833097745
2179,5.370614070838931
2180,4.983762514836508
2181,4.651234959420325
2182,4.368579960941355
2183,4.180033047004278
2184,4.087081536610705
2185,3.9285559747647048
2186,3.5690824961845635
2187,3.127566506726761
2188,2.6898091380294544
2189,2.372630875938904
2190,2.0781853130574737
2191,1.8639139636787678
2192,1.7179083613978283
2193,1.6372781636668288
2194,1.5120170789707923
2195,1.4017711211066557
2196,1.3652776864670393
2197,1.3601041343044276
2198,1.411419482538692
2199,1.5159100285346903
2200,1.6237212285795937
2201,1.7770867131956236
2202,1.9174588080590524
2203,2.099198749274715
2204,2.230728485652076
2205,2.2866150386794324
2206,2.4425406503622393
2207,2.7032023675807535
2208,2.988176002874567
2209,3.229838494080102
2210,3.511040941919381
2211,3.8733758507249867
2212,4.157732329132371
2213,4.385215410063253
2214,4.66706906781115
2215,4.939561657386778
2216,5.23516573210915
2217,5.671256024983513
2218,6.1067119330567206
2219,6.565566680315795
2220,6.891258197225668
2221,7.286655427777296
2222,7.563433053908055
2223,7.804229588641814
2224,8.098087147404431
2225,8.282782524889942
2226,8.443829404140697
2227,8.610009067285167
2228,8.719424634591563
2229,8.631613472131718
2230,8.531147351414631
2231,8.471182394097003
2232,8.285846954180345
2233,8.237043169988766
2234,8.22288519595418
2235,8.200595811387629
2236,8.114840736694484
2237,7.993321403307573
2238,7.922854073307461
2239,7.6727454895451865
2240,7.390462182274698
2241,7.048796738585315
2242,6.762480378672166
2243,6.456881870795185
2244,6.0747346361342665
2245,5.698254977647904
2246,5.330338029368867
2247,4.909321816711951
2248,4.50522363698933
2249,4.3364133877675535
2250,4.041550054171181
2251,3.709719093191189
2252,3.4313041738635786
2253,3.241506875078109
2254,3.132620878103104
2255,3.0997678659506676
2256,3.131917019075194
2257,3.2281951748635573
2258,3.379771503456255
2259,3.5191669382266046
2260,3.788478783558543
2261,4.119018874091397
2262,4.561891230672003
2263,4.978038915965135
2264,5.222254970204641
2265,5.285129328410025
2266,5.326995065523252
2267,5.415369026372563
2268,5.437051772247984
2269,5.378700727494808
2270,5.201701743436092
2271,5.0576399121956985
2272,4.989864780707354
2273,5.04790773176005
2274,5.18530892254384
2275,5.395938084658784
2276,5.641198605691522
2277,5.7894852666535
2278,6.102126004309632
2279,6.378366343744666
2280,6.618695439053147
2281,6.9404276197551535
2282,7.262081709486106
2283,7.518631628023266
2284,7.7103801749241025
2285,7.9371557791761465
2286,8.308084411990741
2287,8.633930951970301
2288,8.892133188872062
2289,9.019497474801941
2290,9.065230258554612
2291,8.972330314055611
2292,8.889641245363402
2293,8.634980911000243
2294,8.402905667771345
2295,8.335039188637575
2296,8.192411380309677
2297,8.133091644617362
2298,7.956558389816346
2299,7.944394047678927
2300,7.949375447541159
2301,8.097821375898503
2302,8.244033035171473
2303,8.40012852653918
2304,8.673222158951468
2305,8.845917259037925
2306,8.827295860077605
2307,8.845881902839224
2308,8.886530114922754
2309,8.894968631761374
2310,8.793669817930517
2311,8.631713060156253
2312,8.42944067452146
2313,8.104978617749127
2314,7.750522413666552
2315,7.34634981756532
2316,7.075578640582462
2317,6.827937277973118
2318,6.676178788524054
2319,6.501256991582167
2320,6.403460365161984
2321,6.219499468841768
2322,5.964763298087151
2323,5.789099697773802
2324,5.619230692177437
2325,5.4585019256207925
2326,5.364882757624583
2327,5.269208604396699
2328,5.223954420143087
2329,5.147522529665263
2330,5.018604065145393
2331,4.849965244161965
2332,4.686922700459592
2333,4.551744355142808
2334,4.528456635185175
2335,4.565764544238907
2336,4.81622559847636
2337,5.034126715662945
2338,5.3901619218920125
2339,5.827676666846017
2340,6.16802803215106
2341,6.491719895812741
2342,6.828313570680253
2343,7.1967289566357415
2344,7.381842918915272
2345,7.524542944238249
2346,7.708560973003774
2347,7.9939439421077605
2348,8.171499308778763
2349,8.312268404920575
2350,8.513103608589278
2351,8.886503809154338
2352,9.162404784890406
2353,9.327711802838255
2354,9.532851961239334
2355,9.830241176967276
2356,10.053540403486032
2357,10.168347540303605
2358,10.253975886216981
2359,10.385864099464118
2360,10.377016921099367
2361,10.335762318315393
2362,10.250218998563799
2363,10.102016141398876
2364,9.99536199341826
2365,10.014101170254518
2366,10.027682695876159
2367,10.071714171594856
2368,10.135353456018755
2369,10.197333188941515
2370,10.271495454387871
2371,10.376602327739143
2372,10.481194588296265
2373,10.690904047328793
2374,10.823969877452972
2375,10.93847831822677
2376,10.978103286343934
2377,10.907515000204185
2378,10.887049102279391
2379,11.007974105984939
2380,11.071427465546689
2381,11.130594408911513
2382,11.04970422151186
2383,10.9818497711873
2384,10.840582494335667
2385,10.723893450127122
2386,10.590208044474458
2387,10.556703343966596
2388,10.421859189567584
2389,10.380384834839237
2390,10.339079639253754
2391,10.169785023085439
2392,9.984459767284159
2393,9.863249719675878
2394,9.757796978256673
2395,9.605708527160353
2396,9.516908207788608
2397,9.42961259507788
2398,9.22135643986639
2399,8.97326437637547
2400,8.73550361486604
2401,8.500606953911088
2402,8.34648785318068
2403,8.099363943715101
2404,7.89817921368526
2405,7.586930128222516
2406,7.231288611837722
2407,6.960212859037993
2408,6.745995652070929
2409,6.548071152620251
2410,6.429499716383464
2411,6.22832217307371
2412,6.014606015974484
2413,5.923474320046802
2414,5.762415826218909
2415,5.807501496260119
2416,5.927267201465495
2417,6.087592546984663
2418,6.14132153864812
2419,6.222440410156638
2420,6.293897180683288
2421,6.348275148007642
2422,6.314428586417701
2423,6.291709339087769
2424,6.1841857063238175
2425,5.998481862336246
2426,5.78193903595116
2427,5.524513179817755
2428,5.212662285113705
2429,4.863445084215705
2430,4.6815385239402865
2431,4.493201027210698
2432,4.3299405954382255
2433,4.229884340401002
2434,4.198705579433447
2435,4.169300229943658
2436,4.083013334773032
2437,4.0611705234265205
2438,4.146354588485314
2439,4.285379163674323
2440,4.440212415113173
2441,4.576325018466057
2442,4.6801992337880725
2443,4.83210279440701
2444,5.096259419514917
2445,5.276735367702104
2446,5.4174745596953695
2447,5.526286009495404
2448,5.581777213672607
2449,5.6322033512077425
2450,5.662505293156112
2451,5.6888679826511925
2452,5.842163335649762
2453,5.9779972800758205
2454,6.17659122331877
2455,6.424607423752947
2456,6.691169317855655
2457,6.9202839391682875
2458,7.1985994236701
2459,7.517722185591145
2460,7.805046638816478
2461,8.0106818757435
2462,8.181051248039495
2463,8.41927686918875
2464,8.688644606612074
2465,9.018170103990979
2466,9.297379170581578
2467,9.564475995743361
2468,9.87228754056408
2469,10.165758776074544
2470,10.409719345937678
2471,10.697027884621978
2472,10.956197067617971
2473,11.183147255010653
2474,11.357211493677257
2475,11.534569874883484
2476,11.587121954905758
2477,11.634623958205726
2478,11.682485347578357
2479,11.713809815517886
2480,11.659808697779926
2481,11.459590809210153
2482,11.16370641628241
2483,10.5917075523402
2484,9.930397077820494
2485,9.06411429648808
2486,8.182458153385166
2487,7.5263541793037785
2488,6.919942907714263
2489,6.2568929179836825
2490,5.9383462807660665
2491,5.677995423449325
2492,5.264837670569323
2493,4.941923191151481
2494,4.8159434112451205
2495,4.839043718512793
2496,4.761493575153649
2497,4.599317136534733
2498,4.259415951893951
2499,3.7501952017639795
2500,3.4020791747932293
2501,3.2510854992917033
2502,3.0835997350223647
2503,3.1136675462910413
2504,3.1023546117477454
2505,3.1301298247092837
2506,3.0312495865213633
2507,2.915348324527505
2508,2.814514226592849
2509,2.7067671801923634
2510,2.748200527095197
2511,2.9416600141071743
2512,3.2729300513424704
2513,3.606916529932727
2514,3.944518240727689
2515,4.465089695899316
2516,4.8751738702032705
2517,5.360206479587482
2518,5.890058952749763
2519,6.382003959467598
2520,6.761198111414379
2521,7.092986945016816
2522,7.47468682075664
2523,7.751525011321701
2524,8.120495713225866
2525,8.348668452375236
2526,8.440017740764597
2527,8.585566411038023
2528,8.52884709615293
2529,8.539815585219449
2530,8.594556554119189
2531,8.654450776897548
2532,8.586371012515507
2533,8.430876102761795
2534,7.861681647746119
2535,7.307415721364264
2536,6.840804012974314
2537,6.39036661308551
2538,6.205409482893246
2539,6.188936934336638
2540,6.225000241274051
2541,6.364197529020974
2542,6.619967424897959
2543,7.016069834473317
2544,7.5543436677716205
2545,8.028110665168793
2546,8.40448549735843
2547,8.470471623343354
2548,8.326584575626224
2549,8.123924459993399
2550,7.7296099540878425
2551,7.410952582408743
2552,7.180528047549023
2553,7.09399044184388
2554,7.13966802282069
2555,7.223423263690918
2556,7.3269763202413944
2557,7.289905177963721
2558,7.415614609793314
2559,7.498042640176343
2560,7.544359850136885
2561,7.456346220213355
2562,7.249731491178929
2563,7.150343077235183
2564,7.132835835104785
2565,7.11760453445134
2566,7.202343014047491
2567,7.1139672762593875
2568,6.9622650872635425
2569,6.901884258031997
2570,6.819480256833281
2571,6.739227248931027
2572,6.781925193422241
2573,6.77415562331331
2574,6.624351099607358
2575,6.461841433924025
2576,6.30202666970756
2577,6.38598799310075
2578,6.460536103749371
2579,6.567775058759791
2580,6.74061111147255
2581,7.047907920724691
2582,7.159292627787197
2583,7.400583818992856
2584,7.561270594303872
2585,7.6176384012295335
2586,7.6287901103556965
2587,7.571191623555786
2588,7.629901925680201
2589,7.822787110543624
2590,7.98914137851507
2591,8.184649765773143
2592,8.355119724201568
2593,8.66675717391144
2594,8.910472727870117
2595,8.995249122129723
2596,8.990249440205035
2597,8.871255036795475
2598,8.616370489809825
2599,8.274619168421218
2600,7.860518637747231
2601,7.437851720294962
2602,7.15018379891187
2603,6.868250798904322
2604,6.666181505747122
2605,6.419204605951867
2606,6.140227380553219
2607,5.938156095358924
2608,5.817314807076549
2609,5.731414339950051
2610,5.596007685082757
2611,5.558908794255724
2612,5.449854540244062
2613,5.387913058274064
2614,5.396410680043324
2615,5.36058484305042
2616,5.308267887332264
2617,5.236172620178989
2618,5.061395044363946
2619,4.875730712673683
2620,4.6770393866101
2621,4.409643708639415
2622,4.177009468804918
2623,4.070508722335083
2624,4.05261762166209
2625,4.033333937126383
2626,4.045426295855953
2627,4.151498835135812
2628,4.2342617578850925
2629,4.369143004175339
2630,4.652514246382169
2631,4.7791680728826185
2632,4.864968911947885
2633,5.04980067980282
2634,5.18675821422402
2635,5.3294134893252245
2636,5.353248780605257
2637,5.379676728661474
2638,5.470548268616772
2639,5.540924569491587
2640,5.774967837331313
2641,5.937810325170847
2642,6.230627013917921
2643,6.388800813348123
2644,6.661939811995245
2645,6.878414747037622
2646,7.03179349302685
2647,7.205471044065693
2648,7.307730850524232
2649,7.244166960119969
2650,7.130878357995684
2651,7.0169844018271235
2652,7.071196032772782
2653,7.2005388225363305
2654,7.529667025345723
2655,7.952560149942377
2656,8.388022836376644
2657,8.864851603200457
2658,9.31722217155235
2659,9.582652255574544
2660,9.899445604735028
2661,10.132241000634702
2662,10.439382847390146
2663,10.688815510336765
2664,10.745481786771657
2665,10.682025391249287
2666,10.600195588985706
2667,10.57259365613205
2668,10.581810251231392
2669,10.533541309496798
2670,10.41247162422255
2671,10.213856081621307
2672,10.005668809638951
2673,9.71583608368898
2674,9.341071946655987
2675,8.894384661378762
2676,8.515928047982378
2677,8.174165424642165
2678,7.764234697965643
2679,7.4075949657570686
2680,6.94312158868369
2681,6.392581072438835
2682,5.79464785692107
2683,5.236708319687461
2684,4.58388388144048
2685,4.016594446479236
2686,3.558843290674511
2687,3.0482674556099205
2688,2.591446964246491
2689,2.2698755536075064
2690,1.9570927069130502
2691,1.719003412840642
2692,1.6503374013500491
2693,1.5312118695665085
2694,1.417699689112594
2695,1.402088299125274
2696,1.4910149667872548
2697,1.645565894833684
2698,1.8648064428482278
2699,2.0606801151490015
2700,2.274552364268162
2701,2.5100747496820794
2702,2.889432820474665
2703,3.3430680476110473
2704,3.7904624802701785
2705,4.318775701162522
2706,4.755386857662634
2707,5.127032369829274
2708,5.4441428391583075
2709,5.682914587917345
2710,5.744117124458555
2711,5.769917423812162
2712,5.684600309201846
2713,5.578358050952016
2714,5.41142321560287
2715,5.2137221469631285
2716,5.081876448000564
2717,4.851352931046225
2718,4.7742049905060675
2719,4.726178542900064
2720,4.66176679100392
2721,4.583675837640585
2722,4.521384427948404
2723,4.481471485184171
2724,4.450864893760723
2725,4.365992578300354
2726,4.407644841070576
2727,4.512075472546546
2728,4.691645979237611
2729,4.981665021169803
2730,5.113357025428636
2731,5.283345926989382
2732,5.364644732393472
2733,5.5292816769458675
2734,5.645850135704803
2735,5.686601172863799
2736,5.722054575192125
2737,5.662045272550679
2738,5.513748368246233
2739,5.400526126729544
2740,5.372069127979893
2741,5.503877121279848
2742,5.74522030464505
2743,5.973550977305976
2744,6.234123298603119
2745,6.3954896412703786
2746,6.475090768779792
2747,6.596502301807969
2748,6.747570761032959
2749,6.91701321785173
2750,7.049832283873343
2751,7.323152024170919
2752,7.721482154411109
2753,8.05993662270704
2754,8.422644110222732
2755,8.79849828592277
2756,9.131585112344656
2757,9.533414440377484
2758,9.875295149012043
2759,10.162389919401969
2760,10.498473708877178
2761,10.762826297073971
2762,10.957965404697958
2763,11.168092976707594
2764,11.40200612621118
2765,11.592517750702445
2766,11.718021785502984
2767,11.76329949377212
2768,11.785583719501815
2769,11.748135612630456
2770,11.661886810237569
2771,11.527071901152448
2772,11.37214820715573
2773,11.127857034802254
2774,11.012095487767446
2775,10.88624461149944
2776,10.722234668144738
2777,10.52062103016705
2778,10.26269062555891
2779,10.019621153395953
2780,9.804322285724895
2781,9.597575867226492
2782,9.597606531716703
2783,9.550531409192024
2784,9.576744883719247
2785,9.541636663441412
2786,9.583172192710297
2787,9.528719169933929
2788,9.592302983987903
2789,9.542079679466532
2790,9.58138535293314
2791,9.59305586383364
2792,9.564238812510208
2793,9.539167977858822
2794,9.535386952043899
2795,9.47176581157687
2796,9.525214171824373
2797,9.514242337444974
2798,9.538508586963848
2799,9.563421458098263
2800,9.55932241920063
2801,9.511445500304667
2802,9.428061358426458
2803,9.439177037346003
2804,9.534682204383316
2805,9.655380865553422
2806,9.778424828004358
2807,9.789313766338658
2808,9.79810951706247
2809,9.837191747803708
2810,9.989543067740776
2811,10.131957643939817
2812,10.229958679552293
2813,10.36489732810083
2814,10.39101565779463
2815,10.306702420043447
2816,10.201453005405515
2817,10.29565897577979
2818,10.283817069959749
2819,10.317699515958903
2820,10.371425269035148
2821,10.562522635405886
2822,10.729480547341076
2823,10.849222652736808
2824,10.921566350052736
2825,10.956930810244787
2826,10.96734472643518
2827,10.943340851781759
2828,10.894867343513111
2829,10.86278636407889
2830,10.882897576220802
2831,10.853537532906557
2832,10.873212673141357
2833,10.704510142802373
2834,10.637191338419324
2835,10.581407483340147
2836,10.44042693416135
2837,10.1369482522699
2838,9.731384001274371
2839,9.406284149601962
2840,9.166323546083872
2841,9.034886442795871
2842,8.984139770176409
2843,9.050354414879648
2844,9.151960294370488
2845,9.21698940691719
2846,9.151453761377248
2847,9.2157423771179
2848,9.160912673696464
2849,9.10298886751617
2850,9.052595156139315
2851,8.794836618605304
2852,8.697568739536026
2853,8.5956765002257
2854,8.443155950051212
2855,8.280256984282659
2856,8.005880310247658
2857,7.701324461988428
2858,7.392044134851149
2859,7.05163343691552
2860,6.908972093077375
2861,6.676726316383875
2862,6.495632644865321
2863,6.305281607386711
2864,6.16059064087443
2865,6.0079335814001915
2866,5.9865400221538305
2867,5.917453129023851
2868,5.773017264972195
2869,5.561790115240644
2870,5.415375813303493
2871,5.25846252801387
2872,5.047108972311004
2873,4.794153645287212
2874,4.549936238154201
2875,4.142381840760329
2876,3.8912603362098572
2877,3.654114050434158
2878,3.4430916711345514
2879,3.259193979833139
2880,3.1104343301694266
2881,2.9960069357627814
2882,2.906250137976062
2883,2.837200803626023
2884,2.7935239705877795
2885,2.7641013895729873
2886,2.8469880660236213
2887,2.916919653865402
2888,3.064725350102235
2889,3.1020724843793515
2890,3.150471628815096
2891,3.1766750546514464
2892,3.168565228500733
2893,3.238722143777572
2894,3.337024882428527
2895,3.4798465969537817
2896,3.7041348235108176
2897,3.9794341589759394
2898,4.168729020806078
2899,4.4124154708091465
2900,4.59831183556462
2901,4.904544325346709
2902,5.176819040763206
2903,5.4231062066310045
2904,5.797701942856486
2905,6.124496276111368
2906,6.526440927896083
2907,6.876132774948786
2908,7.232718725566635
2909,7.6107678961378555
2910,7.94886328037749
2911,8.206802415482391
2912,8.321250741790596
2913,8.578765700264471
2914,8.731196204153175
2915,8.926209849627815
2916,9.018839229352311
2917,9.078752723825167
2918,9.072518135828883
2919,8.973722780154437
2920,8.754796360657494
2921,8.577074045345324
2922,8.343956884608478
2923,8.23227811431847
2924,8.151473170505437
2925,8.020923377084646
2926,7.861704326677445
2927,7.834843748739054
2928,7.774645908288395
2929,7.829782668018954
2930,7.99807815847475
2931,8.241186873895108
2932,8.44539528087499
2933,8.739578081111643
2934,8.97223297576388
2935,9.038945972965594
2936,9.094391451683027
2937,9.102138941770624
2938,9.036350172902285
2939,8.923575520131962
2940,8.750382167067583
2941,8.555172001518265
2942,8.335049905857206
2943,8.16007097977319
2944,7.818703811362864
2945,7.632371369164743
2946,7.5417170893092464
2947,7.463323784904277
2948,7.432964804821401
2949,7.341711721801262
2950,7.285379433911124
2951,7.1492875475364475
2952,7.114310366009942
2953,6.965722886117031
2954,6.835469891808834
2955,6.6315237012545705
2956,6.394510860748486
2957,6.350001688107896
2958,6.530831412096321
2959,6.65962492666511
2960,6.87708999216963
2961,7.032763759496948
2962,7.1170519839328374
2963,7.161657689937593
2964,7.200464654161733
2965,7.230892951753324
2966,7.194060763649935
2967,7.304331658325706
2968,7.448770740500505
2969,7.554223774098189
2970,7.550629516354774
2971,7.573909122408466
2972,7.6729451222913925
2973,7.651803540646112
2974,7.5002359979945865
2975,7.484590999789339
2976,7.429608168238312
2977,7.311870149392109
2978,7.060044506441198
2979,6.7838168400790355
2980,6.656607911903314
2981,6.537235300396152
2982,6.585865699270226
2983,6.611616091581439
2984,6.753098468209254
2985,6.809958983129945
2986,6.968116799240432
2987,7.116384172345214
2988,7.264109625206102
2989,7.317172374986237
2990,7.2631172432071125
2991,7.06862500468798
2992,6.998198819469623
2993,6.932057764886055
2994,6.873147572666188
2995,6.811362171817775
2996,6.7480013367864995
2997,6.681290688102699
2998,6.613516820871669
2999,6.543130571248473
3000,6.559460175137572
3001,6.555259572509314
3002,6.60616066291723
3003,6.723823343868902
3004,6.879503059331864
3005,6.957959322134795
3006,7.030407258863157
3007,7.104816147368849
3008,7.17674610409985
3009,7.127783527929676
3010,7.07935391314356
3011,7.125650933325969
3012,7.121854675804723
3013,7.244580109839971
3014,7.298060633262963
3015,7.464859333087054
3016,7.614049161686882
3017,7.71727696329108
3018,7.763449505488177
3019,7.883981081598117
3020,8.073391524370699
3021,8.238178609582848
3022,8.460842267461624
3023,8.55560682144433
3024,8.63624950007097
3025,8.562722511860777
3026,8.441044223834599
3027,8.30454172150487
3028,8.154068806948553
3029,7.932932402714819
3030,7.805145544477007
3031,7.5927772540519145
3032,7.446509189135233
3033,7.258416804963044
3034,7.149717932017211
3035,7.000763477093937
3036,6.7968725006829604
3037,6.635671038650461
3038,6.557337498491444
3039,6.456698621074796
3040,6.351179103959009
3041,6.218482822616794
3042,5.996765792884897
3043,5.873379053779638
3044,5.7823059884808305
3045,5.689101315600087
3046,5.485210368345584
3047,5.32966082520461
3048,5.204611558701928
3049,4.992257812685022
3050,4.8093461104861825
3051,4.6690530739842515
3052,4.566875900446831
3053,4.499527012103442
3054,4.464438618179759
3055,4.453362258542595
3056,4.467552713207634
3057,4.5367592903933405
3058,4.492168845484828
3059,4.5665500087562965
3060,4.672501231641306
3061,4.65798082538668
3062,4.580686084516166
3063,4.672891741832178
3064,4.782524607839823
3065,4.8753739661770945
3066,4.980454906679883
3067,4.909192722063373
3068,4.93621022346406
3069,4.933158636658225
3070,4.919597407061263
3071,4.853156468834024
3072,4.85338469000578
3073,4.833092087758221
3074,4.814004778408993
3075,4.932528369289493
3076,4.965994855428595
3077,4.932954598058674
3078,4.904209574146844
3079,4.95847562850238
3080,4.852368619262404
3081,4.812283065363415
3082,4.796745078720997
3083,4.8427990753100545
3084,4.9898015880745294
3085,5.0446827471047175
3086,5.228268376258962
3087,5.26102516406343
3088,5.335162406658175
3089,5.365435490176857
3090,5.422259247902186
3091,5.652142609398323
3092,5.9081605741045085
3093,6.276844071831067
3094,6.639338521937848
3095,7.061849291121017
3096,7.406793756655198
3097,7.8060182339773085
3098,8.243954904524202
3099,8.68912146452974
3100,8.975842501015821
3101,9.208359920233269
3102,9.299755802749981
3103,9.341797457443963
3104,9.358254927394519
3105,9.258484761786537
3106,9.211747393899191
3107,9.210243696065444
3108,9.069014325303835
3109,8.814482489519095
3110,8.413352236846913
3111,7.895839740956868
3112,7.386068209221009
3113,6.793419058058536
3114,6.2825862732505
3115,5.956491207871041
3116,5.614661507131499
3117,5.311032654112875
3118,5.062606949053799
3119,4.79775460583595
3120,4.6815488649889705
3121,4.653311465225612
3122,4.692684090175314
3123,4.78125810975082
3124,4.814311491843638
3125,4.884609758372655
3126,4.883658939808255
3127,4.75185464060223
3128,4.713731979956671
3129,4.6848270554142175
3130,4.607566531059385
3131,4.575200163360042
3132,4.559821097335854
3133,4.430574719955441
3134,4.367989480906181
3135,4.313540322933325
3136,4.173727226610072
3137,4.061119899951937
3138,3.847189447802616
3139,3.628641607762496
3140,3.3569590677282677
3141,2.998438843579958
3142,2.7442352884365824
3143,2.521036908441775
3144,2.2481336754675105
3145,2.0341424386467617
3146,1.9300760166600357
3147,1.8254222032762177
3148,1.7597041468594181
3149,1.7513954562496605
3150,1.7187460317066081
3151,1.7230240570988382
3152,1.7543791667524
3153,1.7794551337683766
3154,1.7088980286017383
3155,1.616787704463555
3156,1.4774216015181778
3157,1.4164742601029328
3158,1.3106948234123825
3159,1.2900424750165127
3160,1.3257005747796708
3161,1.344110267004909
3162,1.3427211083103772
3163,1.519890640637898
3164,1.6752846949239233
3165,1.8278998545523886
3166,1.9788172870354686
3167,2.1477594349426012
3168,2.323848552210143
3169,2.503650304785853
3170,2.6713199356514865
3171,2.733376285336026
3172,2.756286229877297
3173,2.7169359419305597
3174,2.7257861227673272
3175,2.8420139194569822
3176,3.019592906336291
3177,3.3921211161186324
3178,3.597066113318589
3179,3.9113361126707322
3180,4.298645530411567
3181,4.541700418295027
3182,4.7368878834694685
3183,5.012125492350446
3184,5.221943811469163
3185,5.4545286289916515
3186,5.5143433956252075
3187,5.665046130267523
3188,5.859111668597492
3189,5.922148058311978
3190,5.8460041908950515
3191,5.609604918779079
3192,5.403937552038183
3193,5.411532643772164
3194,5.426106069100765
3195,5.403705982611382
3196,5.352342857911939
3197,5.3718461419427985
3198,5.5861067439257575
3199,5.711061536291487
3200,6.068959113573058
3201,6.195625434038608
3202,6.207737520947484
3203,6.3331503595561465
3204,6.465837917629946
3205,6.52143598140117
3206,6.5058440570227845
3207,6.64106529445009
3208,6.7962825708849195
3209,6.945155426885
3210,6.886072690652668
3211,6.819101974939695
3212,6.766271270826005
3213,6.637310866329301
3214,6.413440896323007
3215,6.179204632955276
3216,5.783507608713766
3217,5.664010393659766
3218,5.590551919693406
3219,5.566056781367177
3220,5.455504673621918
3221,5.3473405294715475
3222,5.3784206551126665
3223,5.50419461124733
3224,5.730774265931538
3225,6.038275028483351
3226,6.432963306389778
3227,6.887554612498047
3228,7.336438975411687
3229,7.572393705329407
3230,7.603420768026083
3231,7.371176745122216
3232,6.911232992008319
3233,6.5142319094976475
3234,6.227773112104804
3235,5.822746859232023
3236,5.347064773800625
3237,5.0768910088719315
3238,4.7586190723234685
3239,4.389913716361349
3240,4.1645755583129045
3241,3.8584825451355886
3242,3.5817538704435408
3243,3.3138139237160367
3244,2.959880412343498
3245,2.7624639736140955
3246,2.647474472885105
3247,2.423936545326686
3248,2.117870807378733
3249,1.8515936153640147
3250,1.7769738110086686
3251,1.6468038883135963
3252,1.504987453200619
3253,1.2112670842845388
3254,1.122041774289938
3255,0.9933984479430654
3256,0.9490129922584014
3257,0.9580580892794398
3258,1.0398981800941711
3259,1.227043716638363
3260,1.4378409758099557
3261,1.7464932562210302
3262,2.0814054648835363
3263,2.4140830351917555
3264,2.8739056466053094
3265,3.3687864755967425
3266,4.057875783775202
3267,4.699314228939747
3268,5.2523433029390425
3269,5.9389808480474535
3270,6.562011119231331
3271,7.055082999381682
3272,7.454392900471854
3273,7.673729135937907
3274,7.9090685222148025
3275,8.252815239224816
3276,8.697761098782523
3277,9.288980155940795
3278,9.832751778230648
3279,10.091911430198227
3280,10.10877467338602
3281,9.984665294549618
3282,9.748105482056705
3283,9.351526712019732
3284,8.789710807591403
3285,8.286105729651217
3286,7.789200129888689
3287,7.40963517506218
3288,7.060942791508206
3289,6.760534201955112
3290,6.478369264649267
3291,6.264963008458947
3292,6.112721849573995
3293,5.909991477985994
3294,5.701999517770724
3295,5.620899204625537
3296,5.601511503258136
3297,5.603762384933599
3298,5.640311363642364
3299,5.674307735320424
3300,5.581962125762255
3301,5.618366503253748
3302,5.660601166777189
3303,5.8084948595145285
3304,6.048181862260231
3305,6.239105998058042
3306,6.405209996202137
3307,6.585253381038928
3308,6.647853742854988
3309,6.813599200891691
3310,6.863479711141414
3311,6.817595036815458
3312,6.853209932766523
3313,6.813775642823854
3314,6.913017282514314
3315,7.0047033780276395
3316,7.281071212484372
3317,7.560983477316135
3318,7.840191682749767
3319,8.089790134069716
3320,8.264015748948314
3321,8.53722604685836
3322,8.807112670300208
3323,8.932962321088354
3324,9.08020772499241
3325,9.20390010280104
3326,9.341724442747076
3327,9.36875242870144
3328,9.474752176005449
3329,9.677220816160563
3330,9.835965912259983
3331,9.975766779905396
3332,10.247143466218292
3333,10.551427677534406
3334,10.753164375321607
3335,10.851151203422294
3336,10.836106005031107
3337,10.729973934536225
3338,10.290985556584813
3339,9.83249587405555
3340,9.11273761677096
3341,8.344217374516344
3342,7.6936813467602825
3343,7.272934117649747
3344,6.865368979857735
3345,6.443046486525615
3346,5.947746945877357
3347,5.3744988263670646
3348,5.008691696339456
3349,4.365077750703863
3350,3.7876106733201373
3351,3.2263891103478284
3352,2.817257199951802
3353,2.4159681514841647
3354,2.101266208414072
3355,1.9330891345558205
3356,1.833732560722643
3357,1.8873508935320154
3358,2.0441018846678425
3359,2.3455846896729837
3360,2.7128776045678986
3361,2.9869751926450347
3362,3.359165198749916
3363,3.6829705040611636
3364,3.8280923272434197
3365,4.088509138167697
3366,4.402585542867465
3367,4.671319966992445
3368,5.053445609162526
3369,5.235162071214324
3370,5.45156046325029
3371,5.53824304330859
3372,5.647376588656828
3373,5.704820246836464
3374,5.766387579227732
3375,5.673705123050333
3376,5.614880466835745
3377,5.69307985656601
3378,5.469043080999512
3379,5.283087904003159
3380,5.21691422295587
3381,5.215283053756357
3382,5.190152103005193
3383,5.032815714018562
3384,4.967071094023546
3385,4.753404165267448
3386,4.597367787113848
3387,4.698812184374478
3388,4.948098020267902
3389,5.05333064048247
3390,5.347145518932659
3391,5.391664956561963
3392,5.433432155667001
3393,5.366062888468351
3394,5.283606835489089
3395,5.1379005896253656
3396,4.920637929636846
3397,4.680143701115448
3398,4.405148460834698
3399,4.178660800011203
3400,4.018251937762391
3401,3.9723986108575753
3402,3.9890713447967716
3403,3.889178422320647
3404,3.7709663570906633
3405,3.6606606657971534
3406,3.5400150354914497
3407,3.477236298827452
3408,3.4823481529574556
3409,3.3946828913603433
3410,3.2194445260936866
3411,3.137092531644499
3412,2.9790039296765474
3413,2.705358023464136
3414,2.4290223206967063
3415,2.170927256498806
3416,1.9192796038406703
3417,1.6584309443795786
3418,1.396348209510811
3419,1.2808280107641237
3420,1.1803254378545054
3421,1.01326360878154
3422,0.9140779845318596
3423,0.15006529128063623
3424,0.20543075799054783
3425,0.24726204111065045
3426,0.3295136912370913
3427,0.37039431240098836
3428,0.4391591386355319
3429,0.4697402987904848
3430,0.466218182005176
3431,0.5007777192763376
3432,0.4966122593698529
3433,0.5173417565121473
3434,0.5472586074708081
3435,0.5298726303928244
3436,0.524535450627082
3437,0.5408679060531333
3438,0.5351159053897498
3439,0.5857318831934331
3440,0.5862984334106383
3441,0.6183915037125657
3442,0.5711780102702249
3443,0.601297952877301
3444,0.6253393589881209
3445,0.6218538016701397
3446,0.6800217777331394
3447,0.6853000085152539
3448,0.7176009101071983
3449,0.7238403743127435
3450,0.6288074013003213
3451,0.5281484586150526
3452,0.4543136663143109
3453,0.35740372681380245
3454,0.28783029679726263
3455,0.20868186183069318
3456,0.2378393189362953
3457,0.1920913938281445
3458,0.16958132229165604
3459,0.09747940477648745
3460,0.09577909911804325
3461,0.15581194211533153
3462,0.18411793410821467
3463,0.1564188736160896
3464,0.13089587635860747
3465,0.1309842986265954
3466,0.17049511900229317
3467,0.11146451934414253
3468,0.12974755405226718
3469,0.1228991335093914
3470,0.2073823348906323
3471,0.2795831497309892
3472,0.2460082949983552
3473,0.26457361600025486
3474,0.26423627033166347
3475,0.32409101371712085
3476,0.3487867586269545
3477,0.3487867586269545
3478,0.45553284543919015
3479,0.4866945439780078
3480,0.5837863944585449
3481,0.6490470563412089
3482,0.6715619688387431
3483,0.6588469572508164
3484,0.6959828305312249
3485,0.7257401874966739
3486,0.7426460705032416
3487,0.6803008073902312
3488,0.6833812193155775
3489,0.6243095234752101
3490,0.549738583127067
3491,0.45224205730820227
3492,0.43469948101934175
3493,0.49935837681226203
3494,0.4672872220631685
3495,0.4737910886991656
3496,0.4021133333060835
3497,0.41143472021831534
3498,0.4186709996346582
3499,0.41911383717815265
3500,0.43763818982861974
3501,0.4037996513689349
3502,0.4146801899193816
3503,0.3910720661006424
3504,0.3785532104134719
3505,0.4106548002374938
3506,0.41372735555993895
3507,0.38737070687030545
3508,0.3679241770905505
3509,0.3597533185353564
3510,0.3355218858988627
3511,0.310421913594316
3512,0.2944366317742932
3513,0.3448591801766939
3514,0.33334965885406104
3515,0.3223429620980708
3516,0.2868463513126968
3517,0.3497243016102954
3518,0.3925171179240741
3519,0.4584579648015175
3520,0.3980100189188691
3521,0.3606752650524497
3522,0.38116928531598976
3523,0.4069492493146836
3524,0.37909190484300553
3525,0.39527566803777153
3526,0.4932285262717955
3527,0.5242187659105166
3528,0.5534413855637208
3529,0.5019965350636592
3530,0.5321156187594063
3531,0.5665581872833475
3532,0.601277062396159
3533,0.5559828337648373
3534,0.5559828337648373
3535,0.6309936815573688
3536,0.5864397929306258
3537,0.5684160052881381
3538,0.6490843438387872
3539,0.6292427838834568
3540,0.6345312488129145
3541,0.6277589909409227
3542,0.6287761348002439
3543,0.6371168389764157
3544,0.5329032210985134
3545,0.5692637064024665
3546,0.5162815092029205
3547,0.47222660027382785
3548,0.4568609689512333
3549,0.5245981573321337
3550,0.5020315518705555
3551,0.42979341678151256
3552,0.3135272648875507
3553,0.2727656633934513
3554,0.2576624789937724
3555,0.27119309562250954
3556,0.2830616448122669
3557,0.22955185200309305
3558,0.2152742158708187
3559,0.11107869861105868
3560,0.14677716322152012
3561,0.15926928385815614
3562,0.19840650429030576
3563,0.2020277664626579
3564,0.27904994933970123
3565,0.3604977447244167
3566,0.40236471024182124
3567,0.4351808124299156
3568,0.46676841680736764
3569,0.5616251619164624
3570,0.5545095138535073
3571,0.5619126020958675
3572,0.5417254597576171
3573,0.49905246549225707
3574,0.43467792428827196
3575,0.4640462016123076
3576,0.49046633674886553
3577,0.4811315695337867
3578,0.49741215094853053
3579,0.49186666743271357
3580,0.4696786477715719
3581,0.38394612296123015
3582,0.3646478625326894
3583,0.40586538267662575
3584,0.4499130077296516
3585,0.4878475459615155
3586,0.4781441204409507
3587,0.5135764662093392
3588,0.5795533000190053
3589,0.6291943024258286
3590,0.6435309161166229
3591,0.6435309161166229
3592,0.7180780994578654
3593,0.6763254952622854
3594,0.6808970270585377
3595,0.6588127824441452
3596,0.6257752741652801
3597,0.6264976706132674
3598,0.6250874375631827
3599,0.6499996379707065
3600,0.6005443625252279
3601,0.6014574792351771
3602,0.5640289545152005
3603,0.5094987827683829
3604,0.5245093214670147
3605,0.5131807759548844
3606,0.4772413027204112
3607,0.45445714644472757
3608,0.441098732397218
3609,0.3816393572405805
3610,0.36908446778329956
3611,0.35438394588137534
3612,0.31674449160966023
3613,0.2882438204200504
3614,0.18677750228424184
3615,0.11065140393245916
3616,0.04881318164271344
3617,0.07809154574180009
3618,0.05661873351564938
3619,0.06372130858202293
3620,0.04762635648418592
3621,0.1737655725077706
3622,0.28396351214922727
3623,0.384486687342561
3624,0.5181247117577175
3625,0.6292311760976632
3626,0.7303291195194012
3627,0.7383859137881388
3628,0.8403402522307983
3629,0.9183340564307723
3630,0.8951822887443532
3631,1.0265821367235048
3632,2.3467795240297002
3633,3.4467873059218332
3634,4.179839041756914
3635,4.882337412474175
3636,5.239707466428542
3637,5.5428585204473535
3638,5.7923127571576
3639,6.065934594922885
3640,6.217637046696096
3641,6.248299031547731
3642,6.285223284291515
3643,6.254854449110967
3644,6.3598933947814515
3645,6.518004639759173
3646,6.706434055616423
3647,6.7294614521225835
3648,6.74949528708294
3649,6.899909922578513
3650,7.027738538629851
3651,6.955021315001356
3652,6.754601124686418
3653,6.766181674493431
3654,6.780844476144802
3655,6.981718098669869
3656,7.156132799887711
3657,7.386986969817878
3658,7.587530583463872
3659,7.909686199107066
3660,8.313978136340367
3661,8.792413714430975
3662,9.176505100254149
3663,9.51600195598019
3664,9.66835022686891
3665,9.6989539638105
3666,9.666241753731551
3667,9.66717181732759
3668,9.780383825776601
3669,9.593600009735578
3670,9.35377525755498
3671,9.183392447395008
3672,8.883311788063303
3673,8.758712688659589
3674,8.673226910259844
3675,8.622478624888137
3676,8.633485146230395
3677,8.641081989408208
3678,8.657077906491125
3679,8.674853890552006
3680,8.694503464400466
3681,8.719388981708406
3682,8.74703700143853
3683,8.776774315596287
3684,8.852034309600421
3685,8.876525596257872
3686,8.982143188827239
3687,9.127838875693785
3688,9.322460783304848
3689,9.631384767016385
3690,9.871973464291857
3691,10.096935182404916
3692,10.21716003916457
3693,10.196342402437278
3694,10.12758823789997
3695,10.134087953457444
3696,10.170810654381452
3697,10.044804740771541
3698,9.89232570833432
3699,9.77902777068626
3700,9.705105646236252
3701,9.680831526869259
3702,9.515145060811928
3703,9.322486562293705
3704,9.177900101858642
3705,9.052109881280137
3706,8.871629866340003
3707,8.915314745236401
3708,9.024359026951547
3709,9.226792870527031
3710,9.398659500804397
3711,9.474547061532524
3712,9.473716236144242
3713,9.294674824254338
3714,9.089115982194226
3715,8.918885613449982
3716,8.71778666559696
3717,8.456837800557476
3718,8.280100467943317
3719,8.114351071745574
3720,7.985113944456032
3721,7.738888783768669
3722,7.583968961084404
3723,7.476246695383378
3724,7.39085882674705
3725,7.172913454623785
3726,6.890948877997959
3727,6.5266896833075725
3728,6.127505717516941
3729,5.701848882065348
3730,5.354103959699419
3731,5.167601561561166
3732,5.052532612197015
3733,4.879429122596196
3734,4.726205088385246
3735,4.613722171653851
3736,4.534853601629124
3737,4.48284374047619
3738,4.455766494293103
3739,4.4542569264722705
3740,4.469269675048528
3741,4.444157899708429
3742,4.534253761110843
3743,4.708661257976692
3744,4.817053920503946
3745,4.828316162141756
3746,4.724687617101882
3747,4.641956827722225
3748,4.52690734717297
3749,4.5375774287011925
3750,4.417696048872113
3751,4.2724560391220985
3752,4.331063810527002
3753,4.252880469605071
3754,4.3154443346807225
3755,4.367334076690972
3756,4.461180644875963
3757,4.531608682659801
3758,4.476227124055536
3759,4.338278382939173
3760,4.160218992894036
3761,4.089674602715113
3762,4.0283009832594505
3763,3.9638178915775875
3764,3.9479833569653744
3765,3.91777805347853
3766,4.013603144112474
3767,4.159719464997389
3768,4.471852689364541
3769,4.882789853778643
3770,5.236285651840132
3771,5.625315479965057
3772,5.921032719011281
3773,6.173282766298871
3774,6.344933163708525
3775,6.553345520210078
3776,6.871703710821659
3777,7.19100607776649
3778,7.573435740928724
3779,7.867283921426737
3780,8.078446277944085
3781,8.503468656955967
3782,8.8885275437352
3783,9.192184090352576
3784,9.327093172680685
3785,9.414778948862072
3786,9.449000699375937
3787,9.58234280447605
3788,9.801866198789638
3789,9.970486396111653
3790,10.273102354548683
3791,10.515754056407026
3792,10.514441393508946
3793,10.406461126038085
3794,10.106853825456025
3795,9.810787932100236
3796,9.3264810746597
3797,8.767070100867505
3798,8.453673882602738
3799,8.189313699259845
3800,7.861923667647993
3801,7.5562737864208955
3802,7.35890579130778
3803,7.158973890273513
3804,6.9294086073137695
3805,6.666189060102708
3806,6.303007070286085
3807,5.940269558670434
3808,5.629475618366309
3809,5.402789071111647
3810,5.0683691915483715
3811,4.786601988669573
3812,4.551550591750674
3813,4.381571075045979
3814,4.318415284660908
3815,4.133137168219285
3816,3.9925658862151225
3817,3.944418873786111
3818,3.8244282579839735
3819,3.720036422236114
3820,3.751155890288622
3821,3.7680039541103003
3822,3.638492831823894
3823,3.5384379589448836
3824,3.553077789634693
3825,3.5223701473538527
3826,3.461952307866515
3827,3.5421932937374114
3828,3.6322048240660525
3829,3.560870567218229
3830,3.6087684513715748
3831,3.621903093835898
3832,3.601909956018254
3833,3.4664866723554777
3834,3.4025189550662187
3835,3.5193826825439016
3836,3.558157653554206
3837,3.5644058130425806
3838,3.619997629645119
3839,3.6497785108754823
3840,3.6903444819953934
3841,3.9503877779294885
3842,4.116707478054114
3843,4.244501094115748
3844,4.4404467044210385
3845,4.59749638528476
3846,4.819496293485786
3847,4.995853270245879
3848,5.12586197888278
3849,5.214266291244572
3850,5.18462493797921
3851,5.093347798052412
3852,4.850170585350222
3853,4.551434871557095
3854,4.1987410827996205
3855,3.921532962725721
3856,3.757794297932561
3857,3.5284869619151937
3858,3.3149812778776484
3859,3.214255710281466
3860,3.2450021696743354
3861,3.2629698332157973
3862,3.380098885772017
3863,3.478830779814597
3864,3.4466501600256096
3865,3.4672759008032346
3866,3.539109658795703
3867,3.5723126153782943
3868,3.698524514594172
3869,3.7700424961428523
3870,3.9342958360078417
3871,4.075807671455219
3872,4.173118388806844
3873,4.263989016183515
3874,4.313657738790068
3875,4.379152547487384
3876,4.436133031054048
3877,4.556404450110767
3878,4.740176858366773
3879,4.89044409599876
3880,5.064958932253384
3881,5.214546377756217
3882,5.407343331891921
3883,5.717856253309348
3884,5.909552687347708
3885,6.044574144392728
3886,6.165159617922674
3887,6.297285271602192
3888,6.298725448037109
3889,6.253076465397491
3890,6.257487511026628
3891,6.229854785618386
3892,6.1346542920718505
3893,6.04595509622988
3894,5.964390156781057
3895,5.842213141110055
3896,5.784002210239577
3897,5.678964894224295
3898,5.694182544081174
3899,5.702502485329882
3900,5.755071098325486
3901,5.750180905069543
3902,5.841198777600434
3903,5.9514650255583135
3904,6.0484540906447375
3905,6.133026108483978
3906,6.205274355506691
3907,6.267326070474317
3908,6.320524345111226
3909,6.366028256085228
3910,6.4053615819404355
3911,6.438521811073743
3912,6.467028484542543
3913,6.483890338704093
3914,6.4411582691838
3915,6.361834209343636
3916,6.414382451402055
3917,6.441823783156581
3918,6.494794681990927
3919,6.488091627166278
3920,6.42334864048067
3921,6.424546760459586
3922,6.445036706609368
3923,6.540939044698753
3924,6.571994471963885
3925,6.603791186549998
3926,6.707679495269495
3927,6.808769522081006
3928,6.938845875072131
3929,7.166702537419381
3930,7.30187183325458
3931,7.47688792250213
3932,7.524280092768999
3933,7.565511280901175
3934,7.679633824274711
3935,7.704180023178785
3936,7.80273945948475
3937,7.995240553216377
3938,8.11237107836741
3939,8.19201646990713
3940,8.252393417904631
3941,8.431912580339247
3942,8.485042180198253
3943,8.512674757352762
3944,8.568445106794055
3945,8.600863008678793
3946,8.66670704980028
3947,8.677336004927936
3948,8.737527966605846
3949,8.713124511731749
3950,8.770925228077049
3951,8.75125328851861
3952,8.85713292974687
3953,8.95365517432155
3954,9.029554803265095
3955,9.048323056517898
3956,9.138919368738122
3957,9.192134429531679
3958,9.214771089487202
3959,9.29236197416568
3960,9.360488899844077
3961,9.435052488071037
3962,9.432527602641617
3963,9.371934271101168
3964,9.121244480015914
3965,8.572451914945683
3966,8.013802761322818
3967,7.238011091869986
3968,6.4575528683664345
3969,5.712498893888263
3970,5.067259384365942
3971,4.343804077997143
3972,3.860913212989664
3973,3.622575718432808
3974,3.4260436225165556
3975,3.3502068396631453
3976,3.2327312065779523
3977,3.2027889968009977
3978,3.184328079787964
3979,3.2150593166690338
3980,3.4027803508214944
3981,3.682546129647795
3982,3.960991319037883
3983,4.181106037077659
3984,4.5131355283252645
3985,4.860505470996874
3986,5.183156621188701
3987,5.5362888916395825
3988,5.702885334038432
3989,5.796612282085584
3990,5.878154726886606
3991,5.968804646878525
3992,6.14291916605657
3993,6.442917766078863
3994,6.710823747907412
3995,7.07421175030321
3996,7.270054782142147
3997,7.488118671961078
3998,7.750889485972948
3999,7.951317172752335
4000,8.071953559692933
4001,8.329467565878046
4002,8.558866787267807
4003,8.858225199190413
4004,9.22217795470591
4005,9.41017809451322
4006,9.34860506991631
4007,9.246213356688278
4008,9.071068649107213
4009,8.734311443940504
4010,8.566314790173848
4011,8.389943225578124
4012,8.119696645123314
4013,7.848620584087705
4014,7.578513131176657
4015,7.446552493638691
4016,7.371464204930742
4017,7.418561800731219
4018,7.50685503893035
4019,7.5866333228533716
4020,7.656348195712038
4021,7.72579140927796
4022,7.794873376757511
4023,7.859689150789873
4024,7.919450505524416
4025,7.97721954424123
4026,7.9119936607243835
4027,7.687077140832501
4028,7.44010121113805
4029,7.293302831254384
4030,7.254132485074631
4031,7.229960517687172
4032,7.252836978830711
4033,7.266394309966479
4034,7.1361621288134955
4035,7.062667289329333
4036,7.128770501995259
4037,7.21520181357854
4038,7.183539794429467
4039,7.107286024902734
4040,7.160230149624834
4041,7.2397873218478175
4042,7.205967473725838
4043,7.160731190166652
4044,6.997571781096465
4045,6.889157750727879
4046,6.774027469724889
4047,6.673864125252288
4048,6.5614485687883075
4049,6.410325073948593
4050,6.120512848687216
4051,5.769543461143354
4052,5.299533997133393
4053,4.955135284691771
4054,4.616917614888793
4055,4.410894589047983
4056,4.232789755837674
4057,4.157668994785934
4058,4.133211325009299
4059,4.173854045386247
4060,4.184614957288629
4061,4.092043789277634
4062,4.119120709033056
4063,4.034580891066497
4064,3.8174319367638248
4065,3.6981087655736986
4066,3.56849298700528
4067,3.3421690407968923
4068,3.177686768848047
4069,3.2033813761235557
4070,3.1662430590412605
4071,3.063305763902532
4072,2.9987798325659902
4073,2.8777882191052564
4074,2.7916986279936005
4075,2.5784718242321425
4076,2.391879995328829
4077,2.235665137096086
4078,2.1017877953849706
4079,1.9916473004925352
4080,1.8989590643348369
4081,1.8210904538432229
4082,1.7588106925964766
4083,1.8477001387711172
4084,1.9089733521677812
4085,2.009824237163213
4086,2.145470646273438
4087,2.3156755508168456
4088,2.4645456197672897
4089,2.5492222928715753
4090,2.637039825614745
4091,2.669461293527077
4092,2.613084702911871
4093,2.5290056685301643
4094,2.5287208877953176
4095,2.5231320304065243
4096,2.4313075829448856
4097,2.329982772028619
4098,2.3077828665862903
4099,2.2601753412619443
4100,2.17476556821235
4101,2.0142204060313023
4102,1.919094949770153
4103,1.8523684700662497
4104,1.7943164327238534
4105,1.7952995944783114
4106,1.813059447905661
4107,1.897877515635798
4108,2.0533766358292103
4109,2.265017171137101
4110,2.5018178719274204
4111,2.8063396048708924
4112,3.1794631903552557
4113,3.5812103625979343
4114,3.963717321474165
4115,4.433506074181524
4116,4.990540710860783
4117,5.516492194938197
4118,5.945783151458452
4119,6.241567832275967
4120,6.503374424060421
4121,6.816240027246163
4122,7.107223554141703
4123,7.265769795070371
4124,7.406197600117226
4125,7.643147445919387
4126,7.877069666649978
4127,8.027369164518351
4128,8.129529931158068
4129,8.2380087403575
4130,8.364641399040302
4131,8.364860114934906
4132,8.362731806914134
4133,8.384231702118642
4134,8.28616185942268
4135,8.135984605777928
4136,7.990292615540916
4137,7.713054393477598
4138,7.417578088733996
4139,7.110632824698973
4140,6.830782754883103
4141,6.464173673748618
4142,6.179201506961599
4143,6.0740677953261315
4144,5.934715314942909
4145,5.7914944507618475
4146,5.702192052404902
4147,5.528662973365397
4148,5.5497681661999945
4149,5.566511943880915
4150,5.47436907673578
4151,5.395992571972543
4152,5.276212644848317
4153,5.134043814452752
4154,5.017368187174085
4155,4.873815626226474
4156,4.726379302996898
4157,4.570123842070092
4158,4.477003582735976
4159,4.369817194287243
4160,4.248836240662716
4161,4.143582811009378
4162,4.09866206059285
4163,4.071518455996473
4164,4.126267517402371
4165,4.216437821233291
4166,4.245480927411302
4167,4.217479251097654
4168,4.173326639958098
4169,4.118211538313475
4170,4.015564529116974
4171,3.8594853859804763
4172,3.600110394661673
4173,3.272802864216672
4174,3.0193257048621787
4175,2.828940966206268
4176,2.6425649048123123
4177,2.4038924641432864
4178,2.098175436460701
4179,1.860948464547453
4180,1.7029008818342313
4181,1.6532362259994482
4182,1.6177862479625253
4183,1.632321889255857
4184,1.8156236003663662
4185,2.0904647319794014
4186,2.405636754537465
4187,2.645493976101979
4188,2.9257719570540495
4189,3.1948324309604494
4190,3.4263940041986043
4191,3.6319130135829556
4192,3.8232766159198244
4193,3.991174688163394
4194,4.14852728980411
4195,4.283708740643443
4196,4.40910361839115
4197,4.667628742725961
4198,4.892845145973952
4199,5.045907012770055
4200,5.277303609099979
4201,5.496195024414053
4202,5.550554767953364
4203,5.649404100421833
4204,5.6660981357910645
4205,5.797450239324528
4206,5.795369225020059
4207,5.8083446727538615
4208,5.829807564092761
4209,5.747458245233574
4210,5.705013618046406
4211,5.7180951680815095
4212,5.694830183376498
4213,5.540048601913281
4214,5.507332156297489
4215,5.465601248531742
4216,5.400415023974862
4217,5.372351852831382
4218,5.347936893936554
4219,5.330782840713729
4220,5.322918323317829
4221,5.345733856858034
4222,5.255760485278554
4223,5.237418976757718
4224,5.3197454522984575
4225,5.376229378630052
4226,5.341657780264844
4227,5.365030972105629
4228,5.3205921228411714
4229,5.228732535958344
4230,5.145159549280907
4231,4.976025571360468
4232,4.767232707101792
4233,4.496729655945696
4234,4.235395308263868
4235,4.102600361062439
4236,3.9786986637188546
4237,3.7165064667776186
4238,3.4362807030642903
4239,3.2524503120728134
4240,3.0826736344383203
4241,2.8518781242775066
4242,2.6071671647366657
4243,2.3949771840243805
4244,2.33775151755202
4245,2.3031003823223926
4246,2.1139318903390816
4247,1.9147961488054746
4248,1.7847196206815608
4249,1.9215187279602794
4250,2.325484374457308
4251,2.806201785299458
4252,3.4541506775166564
4253,4.300665205428649
4254,5.001344810326889
4255,5.7941241857968
4256,6.395405262505023
4257,6.975623395285668
4258,7.5686621464554324
4259,8.17917851996232
4260,8.694344923744355
4261,9.189886205216743
4262,9.515262829052364
4263,9.708196996212871
4264,9.846811062277602
4265,10.052009598587535
4266,10.258987216908904
4267,10.34147133599744
4268,10.43261885759382
4269,10.643911228444244
4270,10.66923190001493
4271,10.65560198934664
4272,10.719181564755493
4273,10.661509429959704
4274,10.604693109484138
4275,10.555262910670397
4276,10.501546709776076
4277,10.5418365982486
4278,10.512899438013015
4279,10.496723436832646
4280,10.545093926647622
4281,10.630135758677383
4282,10.619102093901555
4283,10.577419208972609
4284,10.641290062067235
4285,10.544500915738675
4286,10.402579439577366
4287,10.261431712321048
4288,10.203641388368226
4289,9.98416056170771
4290,9.734343871675446
4291,9.454908101086867
4292,9.167118531415284
4293,8.763276361147373
4294,8.337190305463569
4295,8.045125892648098
4296,7.724032175521535
4297,7.489215461636874
4298,7.2785840182311725
4299,7.016920116303306
4300,6.634044741833401
4301,6.215338955296103
4302,5.688352234562758
4303,5.141944187582711
4304,4.696641248212757
4305,4.474810195698698
4306,4.43277300838283
4307,4.525239401096098
4308,4.797552694702747
4309,5.214458847980071
4310,5.741354423615423
4311,6.074873811674253
4312,6.297243391239258
4313,6.4890607036774615
4314,6.6686311762931
4315,6.813727818856451
4316,7.05744952225281
4317,7.287435919474514
4318,7.5364931279502745
4319,7.849323072644654
4320,8.124334518357319
4321,8.416017979909341
4322,8.69016666170973
4323,8.951508748271404
4324,9.14542971553829
4325,9.408510340360868
4326,9.575862073288103
4327,9.735106790112862
4328,9.831194510541211
4329,9.865712941767901
4330,9.861782525985411
4331,9.839949432449924
4332,9.820954641074053
4333,9.801782572940397
4334,9.794949137021687
4335,9.813023710631182
4336,9.913298352702988
4337,10.004085408283967
4338,10.042303180917592
4339,9.872051149449106
4340,9.629715258645039
4341,9.46495402858745
4342,9.376993294236355
4343,9.246076568750194
4344,8.964296500381295
4345,8.604925494071692
4346,8.261523203396028
4347,8.025615956099475
4348,7.842730166229087
4349,7.661621755802765
4350,7.352830817491229
4351,6.901443455992087
4352,6.489570451679617
4353,5.951387663694528
4354,5.328878846629606
4355,4.851269958420243
4356,4.536990820488228
4357,4.197144332758068
4358,3.9542856066429177
4359,3.6616031423123863
4360,3.374103885601223
4361,3.121611745534135
4362,2.8684471713793145
4363,2.609819488947624
4364,2.3439646379297234
4365,2.075708406284522
4366,1.8044011952247236
4367,1.5343350166066072
4368,1.3302475512229717
4369,1.2200812828236351
4370,1.2729155934844882
4371,1.242052577942373
4372,1.2722874720919366
4373,1.2824397607559412
4374,1.2175747215554582
4375,1.3414947231073189
4376,1.5041833024953488
4377,1.6234258554029246
4378,1.8857994581238797
4379,2.016972268833981
4380,2.11415512841518
4381,2.276360667931972
4382,2.408057299035635
4383,2.5686045540525533
4384,2.7328527821277655
4385,2.9044760153121136
4386,3.1471263334052884
4387,3.4309436303016705
4388,3.649800738893375
4389,3.840206423368157
4390,3.995970809526863
4391,4.188888032921518
4392,4.346441116026168
4393,4.525795765654426
4394,4.849249822201075
4395,5.13570095765222
4396,5.404088548986409
4397,5.707251403963632
4398,5.95146107857534
4399,6.141126161216656
4400,6.336980536749509
4401,6.397609188493819
4402,6.455995003590694
4403,6.6167540818995425
4404,6.720407332284374
4405,6.644805947611238
4406,6.61987078226997
4407,6.505551969385488
4408,6.4062612898440285
4409,6.343428945933716
4410,6.295431455066867
4411,6.320511016738186
4412,6.320353355457156
4413,6.304835009921022
4414,6.277831333138588
4415,6.28923391095838
4416,6.40535077375548
4417,6.541571158362718
4418,6.689034642002621
4419,6.765513302694018
4420,6.64498922363369
4421,6.411638418253213
4422,6.17615566017116
4423,5.774672487711814
4424,5.3563729141867835
4425,4.7890067341888605
4426,4.408056742825166
4427,4.067369414969225
4428,3.6690581721675266
4429,3.354164311046192
4430,3.1113027372914623
4431,3.076260417010948
4432,2.860814719793924
4433,2.5261865214929076
4434,2.337606132706997
4435,2.2352046490284745
4436,2.1899557266398912
4437,2.146539545560495
4438,2.1010975077021525
4439,2.0766046077614972
4440,2.1340710638415126
4441,2.2381079336254013
4442,2.2182049639986126
4443,2.2270950707978816
4444,2.209082652424283
4445,2.098417573727386
4446,2.0021389552610858
4447,2.1993288820643206
4448,2.446247104810551
4449,2.7288222862953475
4450,3.0535978750677772
4451,3.3847411766154964
4452,3.667233992572819
4453,4.1046100649910455
4454,4.6580379683146855
4455,5.157842046694968
4456,5.560406766244297
4457,6.071371791528294
4458,6.609313295507457
4459,6.766935445153348
4460,6.888907792496693
4461,7.097488343063092
4462,7.253068672899245
4463,7.255438155157253
4464,7.162647038047446
4465,7.082923854447699
4466,7.15765139433463
4467,7.090907555737017
4468,7.188626297153256
4469,7.118986558679348
4470,7.06674560828859
4471,7.097421004701759
4472,6.9442337755503445
4473,6.949877736918149
4474,7.105587733307825
4475,7.234764253243283
4476,7.323774806194991
4477,7.36474554075733
4478,7.359160963711709
4479,7.3273168393666595
4480,7.273262040071556
4481,7.187349911314572
4482,7.03676939893832
4483,6.850012838420217
4484,6.774386101357677
4485,6.617847002672107
4486,6.35852415918031
4487,6.113575215182488
4488,5.732355759988148
4489,5.402591317174827
4490,5.226262865380962
4491,5.032684351954589
4492,5.0016089762255875
4493,4.916687260000664
4494,4.9835215750821344
4495,5.035026793376298
4496,4.899688367063038
4497,4.733143449360864
4498,4.5956618775097136
4499,4.566857708814862
4500,4.532810088721856
4501,4.574623069700096
4502,4.692575790346924
4503,4.795194657309664
4504,4.868928710103193
4505,4.950832267133005
4506,4.900555563022025
4507,4.91423848218699
4508,4.935546819031326
4509,5.060366581304335
4510,5.114237768285652
4511,5.065209219607967
4512,4.91382614836101
4513,4.795979751257759
4514,4.659825331958201
4515,4.5824359009765185
4516,4.581832400795857
4517,4.760490918781972
4518,5.010999697523571
4519,5.312859040935335
4520,5.517967605860706
4521,5.71629322315667
4522,5.825378704534612
4523,5.9423255130500365
4524,6.001168328522379
4525,5.9467756144158335
4526,6.042135441365645
4527,6.013702632245012
4528,6.000873361661048
4529,5.842261775577445
4530,5.592757033914236
4531,5.465377018118691
4532,5.398778960884952
4533,5.176265361490556
4534,4.884481640202061
4535,4.524156400945892
4536,4.10960957101736
4537,3.6257785534708304
4538,3.143791567784456
4539,2.7128896454514186
4540,2.3062742379071395
4541,2.0208716001708744
4542,1.8882196563056581
4543,1.8020505758991567
4544,1.8781618927325532
4545,1.9590246740708954
4546,2.1069684324745532
4547,2.358826828643549
4548,2.6020170923676984
4549,2.7493810269193846
4550,2.834732887079048
4551,2.963583266204105
4552,3.135539685966455
4553,3.2356715938947733
4554,3.2812947460718194
4555,3.317999980678799
4556,3.4414290712051443
4557,3.4668629532747612
4558,3.598992094880054
4559,3.7540386021385848
4560,3.8889290634535065
4561,3.8999341676920336
4562,3.8521251126258935
4563,3.7739270732974335
4564,3.6816540863568465
4565,3.726657849799502
4566,3.9767196505849345
4567,4.137868240120234
4568,4.393611819802437
4569,4.607746499175677
4570,4.778123023614406
4571,4.947802685802346
4572,5.026219769892173
4573,4.974368350712522
4574,4.940188337066553
4575,4.962188439074582
4576,4.968481958978644
4577,4.976145557691817
4578,5.004023002814134
4579,5.082470236750389
4580,5.19705820349609
4581,5.30938976564298
4582,5.458613939094512
4583,5.609123990186106
4584,5.670561322383207
4585,5.699265551401095
4586,5.601784728310147
4587,5.6283925817593445
4588,5.613315097036073
4589,5.602846130470031
4590,5.651269712312265
4591,5.754497100319506
4592,5.8962558338382625
4593,6.077292880394036
4594,6.28110526232641
4595,6.51951147797617
4596,6.697344909074243
4597,6.841370013560232
4598,6.991101389420416
4599,7.086225281042722
4600,7.16755092557962
4601,7.257269990817257
4602,7.39175689690917
4603,7.4946638744719865
4604,7.56698733693486
4605,7.662457609147647
4606,7.766404101200475
4607,7.901001088803548
4608,8.042134593823098
4609,8.055217354190813
4610,8.106373666092681
4611,8.158967705308642
4612,8.095939226555693
4613,8.007340848108445
4614,7.89770434152717
4615,7.8898452002964605
4616,7.788915923180159
4617,7.701107452088976
4618,7.541568842411918
4619,7.35100264506512
4620,7.19014703108161
4621,6.929713085516529
4622,6.668735640631116
4623,6.384021814421175
4624,6.153640467298933
4625,6.017568805408408
4626,5.846567675309343
4627,5.7651328925849
4628,5.7454538713756165
4629,5.842577068944435
4630,6.011837497160391
4631,6.1313372151853205
4632,6.268451203971868
4633,6.486144996689234
4634,6.733207572060373
4635,6.91843767688159
4636,7.093824689437411
4637,7.167994658187856
4638,7.1735810801233395
4639,7.144532114152365
4640,7.170918014919312
4641,7.206156946740158
4642,7.275470071322158
4643,7.218506933537105
4644,7.222609685168193
4645,7.108804945736779
4646,7.0180327066526935
4647,6.886518036407826
4648,6.741590206908548
4649,6.57521634062126
4650,6.40196941133979
4651,6.205832608926116
4652,6.000241448612029
4653,5.94658000914082
4654,5.841921355884135
4655,5.725642233283214
4656,5.515502045493186
4657,5.142083816920902
4658,4.779547874305688
4659,4.408874261009493
4660,4.0340567153519915
4661,3.8555844682590408
4662,3.7675309406607402
4663,3.723296753936925
4664,3.852516990639039
4665,3.834381361184024
4666,4.074686716007657
4667,4.311043815568797
4668,4.419846011403414
4669,4.738031327959448
4670,5.018075677858526
4671,5.278176878658691
4672,5.405289872106409
4673,5.6390683524095895
4674,5.842455630273358
4675,5.892098450503655
4676,5.968978028409257
4677,5.846427201570274
4678,5.567134879720939
4679,5.229689248619418
4680,5.074241927265495
4681,4.810235445482158
4682,4.608481834403575
4683,4.329457683566302
4684,4.204198149900074
4685,4.189861460882926
4686,3.9895990198366658
4687,3.9123488787493987
4688,3.8701912894957156
4689,3.9125615571977814
4690,4.039753876505935
4691,4.224653452361013
4692,4.4056909030283045
4693,4.463522399336981
4694,4.587011043422461
4695,4.8441386353267255
4696,5.157702490151387
4697,5.358344535229197
4698,5.606679196218521
4699,5.804412119177554
4700,5.799179257058627
4701,5.943864116539277
4702,5.910214789215745
4703,5.857876560482893
4704,5.744464347146807
4705,5.571430757479978
4706,5.374594353661509
4707,5.129221453773674
4708,4.8399607883496225
4709,4.502570732440236
4710,4.207064656588076
4711,4.087950011622965
4712,4.040897684328268
4713,4.031719184004823
4714,4.116625886207656
4715,4.294894199581879
4716,4.44853755597562
4717,4.531939557069154
4718,4.600599472589776
4719,4.7337401637594105
4720,4.809874736553144
4721,4.899710614641677
4722,4.962499756513244
4723,5.143647953134136
4724,5.309054784563246
4725,5.414273962375472
4726,5.629678884306004
4727,5.892963020393491
4728,6.13813827296723
4729,6.302549920637871
4730,6.52955352436365
4731,6.727046659605078
4732,6.955391193888776
4733,7.166684173376359
4734,7.328722012699977
4735,7.434095457993745
4736,7.669673797362249
4737,7.842915030015888
4738,7.999201673808864
4739,8.04626165455102
4740,8.021637036027872
4741,7.930329565425724
4742,7.75808685512753
4743,7.5737978244071655
4744,7.501740605167253
4745,7.454784350923321
4746,7.4490012308246625
4747,7.452492539432312
4748,7.412226131580277
4749,7.471531057947988
4750,7.54264280629681
4751,7.58282591675413
4752,7.640648986173403
4753,7.6631845379144385
4754,7.719438269862608
4755,7.696032469722125
4756,7.701282586425068
4757,7.782739374909946
4758,7.94133576130946
4759,8.15568588905327
4760,8.329245755279787
4761,8.576175468340923
4762,8.879350401725937
4763,9.204447475002153
4764,9.565420093873266
4765,9.891872556342491
4766,10.27654387927195
4767,10.469468651209818
4768,10.62024356285471
4769,10.734685789364505
4770,10.728456069438781
4771,10.640514892126195
4772,10.47314412853846
4773,10.232382116017861
4774,10.008289097154723
4775,9.694878584213441
4776,9.345211378483189
4777,9.002209586988027
4778,8.662079956801433
4779,8.472941996328164
4780,8.225540349419035
4781,8.087932408137455
4782,7.982716031137057
4783,7.7449405179508535
4784,7.458793419795189
4785,7.223513546050282
4786,7.139569996617224
4787,7.099195279959179
4788,7.064069276466681
4789,6.900344005928033
4790,6.88519940778055
4791,6.974695285408584
4792,7.001632452506485
4793,7.154463296023023
4794,7.130980414131225
4795,7.062186454603156
4796,7.114213916129052
4797,7.190870135851507
4798,7.081247735562215
4799,6.932903131950834
4800,6.702906572928736
4801,6.479314632985684
4802,6.303889491566601
4803,6.05014441182078
4804,5.848123365729695
4805,5.681074211817493
4806,5.577537987121561
4807,5.633992560710659
4808,5.679101965772938
4809,5.75480697715532
4810,5.803012002805974
4811,5.9370029309407935
4812,5.9600067132314996
4813,6.102198118640219
4814,6.104106417797928
4815,6.180334901625625
4816,6.173358391976875
4817,6.16876741075946
4818,6.169532600580604
4819,6.17833553633125
4820,6.193339950222971
4821,6.211825874485644
4822,6.240110551382712
4823,6.26995526527305
4824,6.36527693340201
4825,6.394549943778163
4826,6.546860727940317
4827,6.731164314869411
4828,6.973992719462039
4829,7.246691376813161
4830,7.574033502101683
4831,7.797290076180922
4832,7.952284057836989
4833,8.196193690862025
4834,8.507179734777866
4835,8.772647186605539
4836,8.992177187586984
4837,9.282030532325178
4838,9.41423463961307
4839,9.68965504374091
4840,9.926613133694568
4841,10.1209618465154
4842,10.226527693117482
4843,10.296984011582746
4844,10.202539824528248
4845,10.120373381790838
4846,10.027047566558817
4847,9.92643278986191
4848,9.739933610685316
4849,9.557954212468507
4850,9.42393663869073
4851,9.422311390823367
4852,9.333455970095644
4853,9.289574935379948
4854,9.214158598670533
4855,8.991493284086342
4856,8.79779770875419
4857,8.437182077628561
4858,8.098842072758007
4859,7.736775711966393
4860,7.307313380137145
4861,6.787296369372189
4862,6.394916667345982
4863,5.988406289151412
4864,5.63540744897783
4865,5.324394943532549
4866,5.141166409326241
4867,5.079860980522043
4868,4.867675691438473
4869,4.633715183122375
4870,4.394875292918516
4871,4.2418935823360675
4872,4.2965559703716645
4873,4.451467498053263
4874,4.5831487786575416
4875,4.620766086132493
4876,4.5527913282468395
4877,4.427739524130956
4878,4.220550228541031
4879,3.933326760721572
4880,3.6122347816467038
4881,3.3604130135018817
4882,3.237394528079096
4883,3.1469125323421117
4884,2.9287422280387263
4885,2.8539509351708094
4886,2.727450962866234
4887,2.7036446297001997
4888,2.700246590664598
4889,2.7328315109317325
4890,2.8163885035787573
4891,2.9189922764891274
4892,3.0812749116503193
4893,3.2995005510851274
4894,3.512560349661869
4895,3.6376698330602446
4896,3.831991111934193
4897,4.011827584744724
4898,4.1497193927789136
4899,4.33632247660101
4900,4.64877052980215
4901,4.855940717184401
4902,5.03617878020696
4903,5.15823470073433
4904,5.235204105801644
4905,5.454486373098244
4906,5.575728823894959
4907,5.794952200822308
4908,5.9383504686574415
4909,6.180672019503567
4910,6.460241870220113
4911,6.570894069700053
4912,6.6909061155751495
4913,6.841939456282493
4914,6.89322633092109
4915,6.933850615419454
4916,7.0354468855501295
4917,7.005792936133123
4918,6.886931457270046
4919,6.819284360544485
4920,6.694259642832723
4921,6.628031075092056
4922,6.4284463786326
4923,6.256506582405313
4924,6.077387790719595
4925,5.922734705955248
4926,5.737133316065765
4927,5.7044607509534195
4928,5.573852145663764
4929,5.449134878144379
4930,5.313822357295007
4931,5.197503871024851
4932,5.070057208957304
4933,4.935265079369791
4934,4.787817814006526
4935,4.634579909073542
4936,4.475734869388468
4937,4.313782283711741
4938,4.175603565539459
4939,4.0386135005219
4940,3.998851238405589
4941,3.9787114570637883
4942,3.9134598742883235
4943,4.001272158390816
4944,4.0633196625138766
4945,4.197339113134467
4946,4.420809609484444
4947,4.63791657076786
4948,4.674854583250823
4949,4.764464074820916
4950,4.870154596385566
4951,4.895924726916224
4952,4.886841190696436
4953,4.838583917107796
4954,4.62984060582826
4955,4.520974871369952
4956,4.51921747126142
4957,4.663221589079636
4958,4.736501199692772
4959,4.800254460926201
4960,4.909392886075035
4961,5.1017593371653245
4962,5.251369576691879
4963,5.27479844969182
4964,5.252099780885244
4965,5.166407979536791
4966,5.099978871344635
4967,4.894360380310072
4968,4.618717272094072
4969,4.357922175290577
4970,4.152144155281957
4971,4.019793900135475
4972,4.01476326811709
4973,3.8776142424418953
4974,3.7810562170640134
4975,3.576623627455272
4976,3.403859204087156
4977,3.3797477461853376
4978,3.342047284812767
4979,3.379920321583887
4980,3.7092488093834577
4981,3.8987507262273455
4982,4.127456370794314
4983,4.217353606073277
4984,4.369929469328097
4985,4.392078303906581
4986,4.537037774233372
4987,4.5495705806277735
4988,4.559765701470845
4989,4.557681897799245
4990,4.5435935721006455
4991,4.5224119609540345
4992,4.49343104374382
4993,4.459109777773508
4994,4.415694981457065
4995,4.420077553396608
4996,4.261416067544612
4997,4.13195368591514
4998,4.081838114963218
4999,4.183389043971992
